timestamp,rel_time,acc_x,acc_y,acc_z,gyro_x,gyro_y,gyro_z,azimuth,pitch,roll,label
9865086770000,0,-0.118353034993182,9.49041129429124,1.09994990219803,0.048258353,-0.14844026,0.09773844,68.41738,-62.64427,27.309145,STD
9865091764000,0.004994,-0.162154722426173,9.58288135087005,1.04154764618907,0.04795292,-0.12522738,0.10629055,68.152824,-63.756107,26.194635,STD
9865096741000,0.009971,-0.194477037679069,9.71732195264878,1.02515568601096,0.045814894,-0.08307768,0.110872045,67.93529,-64.802414,25.14635,STD
9865101694000,0.014924,-0.217279614411114,9.88606086712816,1.04339778358812,0.034513887,-0.053450707,0.108123146,67.72993,-65.80327,24.143427,STD
9865106684000,0.019914,-0.224898963621556,10.0433098318998,1.06828197880956,0.03145956,-0.03756821,0.10170906,67.52421,-66.80632,23.139025,STD
9865111710000,0.02494,-0.213908014396407,10.1861925696834,1.10125480353174,0.043982297,-0.007941248,0.09315695,67.319305,-67.76619,22.17771,STD
9865116720000,0.02995,-0.202952054265489,10.3286204479753,1.1341226610443,0.04337143,-0.0033597588,0.08399397,67.129265,-68.70657,21.235596,STD
9865121723000,0.034953,-0.165812012611691,10.4466646589254,1.23377582275143,0.056505036,-0.0018325958,0.074830994,66.94397,-69.60769,20.333195,STD
9865126647000,0.039877,-0.124048012981697,10.5580351501673,1.34514650781342,0.06383542,0.004886922,0.067500606,66.76763,-70.471016,19.468481,STD
9865131755000,0.044985,-0.0716732000896024,10.5427275124137,1.46318841220833,0.058337633,-0.015882496,0.044593163,66.63138,-71.30643,18.632174,STD
9865136705000,0.049935,-0.0185779680567482,10.4940568245287,1.57822804773194,0.03481932,-0.039095376,0.03481932,66.50282,-72.10353,17.833921,STD
9865141709000,0.054939,0.0601627857477769,10.3662005642684,1.66914369539208,0.027183503,-0.06627888,0.014966198,66.4101,-72.83824,17.097279,STD
9865146709000,0.059939,0.152098583039612,10.196844763945,1.74656330937753,0.01282817,-0.09101892,0.0076358155,66.33067,-73.541885,16.391024,STD
9865151693000,0.064923,0.264256184141255,10.0373845040331,1.80969237056856,0.010079277,-0.12767084,-0.007330383,66.27345,-74.187584,15.741106,STD
9865156690000,0.06992,0.386648261565021,9.88204101613221,1.86618103227425,-0.004886922,-0.1441642,-0.016187929,66.22391,-74.80949,15.114006,STD
9865161711000,0.074941,0.543212919209566,9.78520046929109,1.80781242533582,-0.028405234,-0.16279559,-0.02107485,66.198746,-75.36403,14.552692,STD
9865166742000,0.079972,0.71904201361907,9.72160259787251,1.68435795894868,-0.03481932,-0.17195857,-0.02107485,66.18062,-75.90213,14.007387,STD
9865171748000,0.084978,0.887565592592593,9.66474784550264,1.56084721372134,-0.04337143,-0.16798794,-0.025350908,66.171135,-76.37455,13.525277,STD
9865176706000,0.089936,0.974657453333333,9.68819577523809,1.4302094575873,-0.06780604,-0.15118915,-0.022296581,66.16456,-76.83074,13.057751,STD
9865182936000,0.096166,1.08409317185185,9.71765939005291,1.26605592376014,-0.08368854,-0.10476339,-0.0125227375,66.16296,-77.220215,12.6596985,STD
9865186659000,0.099889,1.15113540994728,9.72582152720581,1.16338535638317,-0.08032878,-0.087964594,-0.012217305,66.16721,-77.60115,12.269491,STD
9865191713000,0.104943,1.2474274073013,9.70656298696906,1.00931812542525,-0.08552113,-0.043982297,0.009773844,66.151855,-77.96212,11.897014,STD
9865196640000,0.10987,1.34129972051129,9.68778838709838,0.859122389982095,-0.08460484,-0.005497787,0.017715093,66.1311,-78.29378,11.557701,STD
9865201696000,0.114926,1.43762982312742,9.66852222575351,0.704994190590868,-0.07727446,0.019242255,0.027794369,66.102516,-78.61013,11.2332,STD
9865206685000,0.119915,1.52032101222315,9.64315585499373,0.581105692210614,-0.07849618,0.032070424,0.04184427,66.06739,-78.91438,10.919887,STD
9865211714000,0.124944,1.55554171774969,9.59284063643961,0.566011105628918,-0.055588737,0.04062254,0.04886922,66.02769,-79.21112,10.615126,STD
9865216712000,0.129942,1.57511850136315,9.54375292302209,0.589573450976479,-0.03573562,0.027488936,0.06291912,65.980255,-79.466995,10.359588,STD
9865222540000,0.13577,1.55522775129187,9.48905363292944,0.723836447526728,-0.014966198,0.008552114,0.06872234,65.931915,-79.71787,10.11029,STD
9865226822000,0.140052,1.54152046726307,9.45161793452615,0.820939075471884,0.009162978,-0.03970624,0.074830994,65.90114,-79.95177,9.880636,STD
9865231742000,0.144972,1.53688825727487,9.44235351454974,0.91358140822847,0.01985312,-0.08277224,0.07971791,65.8738,-80.178925,9.65821,STD
9865237000000,0.15023,1.5261673456661,9.43412156354289,1.03617299521963,0.011301007,-0.11575896,0.07819075,65.86157,-80.39459,9.444144,STD
9865241711000,0.154941,1.44885068730946,9.4463292870028,1.42275658444124,0.010079277,-0.14966199,0.08155051,65.86168,-80.60332,9.23829,STD
9865246661000,0.159891,1.36761157483539,9.45915633670064,1.82895245933977,0.013439035,-0.17104226,0.086132,65.87664,-80.80684,9.035407,STD
9865251692000,0.164922,1.36915214725296,9.51082344090909,1.74972424102767,-0.0036651916,-0.19792034,0.083383106,65.90279,-81.0054,8.836504,STD
9865256657000,0.169887,1.39264459423913,9.571904225,1.54299007956522,-0.0143553335,-0.20372356,0.08368854,65.92863,-81.197525,8.644431,STD
9865261708000,0.174938,1.384756889572,9.62675432589772,1.48725337722162,-0.034208454,-0.19333886,0.093767814,65.97909,-81.381165,8.445691,STD
9865266689000,0.179919,1.3674547799329,9.67866051931447,1.47860229981864,-0.051618114,-0.18478674,0.093462385,66.03316,-81.56177,8.248483,STD
9865271711000,0.184941,1.26722329862124,9.72583902018184,1.33852926756919,-0.0571159,-0.17379116,0.084910266,66.075874,-81.742355,8.056883,STD
9865276721000,0.189951,1.104238623329,9.76898238315516,1.098845992217,-0.0720821,-0.1591304,0.07819075,66.11568,-81.91569,7.870125,STD
9865281744000,0.194974,1.00271431083171,9.79721411204309,0.847801061128377,-0.10048734,-0.14080444,0.08277224,66.147064,-82.09069,7.679534,STD
9865286739000,0.199969,0.947807926600742,9.81410829048208,0.590163309592089,-0.10354166,-0.122783914,0.07727446,66.17538,-82.26518,7.4890666,STD
9865292420000,0.20565,0.86308522807918,9.83494316494157,0.532643117131409,-0.108123146,-0.10445796,0.07574729,66.201065,-82.48509,7.2600317,STD
9865296697000,0.209927,0.773213525728595,9.85252670450751,0.765137291495349,-0.112704635,-0.08307768,0.07422013,66.22097,-82.6983,7.03667,STD
9865301685000,0.214915,0.668401729767708,9.87303329682805,1.03628083643978,-0.12461651,-0.06963864,0.06780604,66.22405,-82.944435,6.791247,STD
9865306710000,0.21994,0.562812460580968,9.89369200300501,1.30943567071119,-0.112704635,-0.06047566,0.06719518,66.221565,-83.18139,6.55613,STD
9865311706000,0.224936,0.462282571271057,9.91498684379786,1.5569277330781,-0.11575896,-0.053450707,0.070249505,66.223,-83.41002,6.327764,STD
9865316714000,0.229944,0.39801677856049,9.94252940581929,1.60742230229709,-0.10842858,-0.06261369,0.0729984,66.22588,-83.631615,6.1080136,STD
9865322005000,0.235235,0.331315158838948,9.97177983510802,1.65136528168322,-0.099571034,-0.05955936,0.07147124,66.26186,-83.85432,5.857955,STD
9865326725000,0.239955,0.28503429028156,9.9995481938671,1.58657200964472,-0.08674286,-0.046731193,0.071776666,66.299614,-84.0658,5.617947,STD
9865331759000,0.244989,0.237933895194605,10.0287000305923,1.52211768669863,-0.089186326,-0.048258353,0.06291912,66.34773,-84.28251,5.366271,STD
9865336739000,0.249969,0.218557721553587,10.0519512932884,1.51436722533518,-0.0720821,-0.0421497,0.056199603,66.39204,-84.48992,5.1240344,STD
9865341702000,0.254932,0.199247691477208,10.0751231842041,1.50664322136995,-0.064446285,-0.042760566,0.055588737,66.434555,-84.70222,4.8759017,STD
9865346713000,0.259943,0.197425513309309,10.0902665001523,1.47411168345346,-0.06536258,-0.04917465,0.044898596,66.47895,-84.90745,4.6323886,STD
9865351706000,0.264936,0.207133565756776,10.0999747452035,1.42557142121612,-0.064751714,-0.06811147,0.04153884,66.528656,-85.099846,4.3999434,STD
9865356721000,0.269951,0.254368271887649,10.0960002257873,1.34453196515944,-0.057421334,-0.076358154,0.034208454,66.578835,-85.29177,4.1652317,STD
9865361789000,0.275019,0.323848105197946,10.0840209528088,1.24390602210485,-0.056199603,-0.07849618,0.023823744,66.63402,-85.47226,3.9375246,STD
9865366728000,0.279958,0.391559410785862,10.0723465981834,1.14584139449107,-0.055588737,-0.09010262,0.023518313,66.69165,-85.643524,3.7207015,STD
9865371754000,0.284984,0.460463444372594,10.0604666009478,1.04604936809162,-0.05589417,-0.086437434,0.016798794,66.7466,-85.80684,3.5073023,STD
9865376719000,0.289949,0.528438679897643,10.0178488284535,0.92774507981433,-0.05375614,-0.089186326,0.01160644,66.80835,-85.94901,3.3118625,STD
9865382594000,0.295824,0.608796331349679,9.9419553705467,0.771494133611045,-0.04734206,-0.0729984,0.015577064,66.86422,-86.080185,3.1240916,STD
9865386753000,0.299983,0.669763506522918,9.88233172172498,0.653685270488202,-0.034513887,-0.061086524,0.015577064,66.90154,-86.206184,2.9649348,STD
9865391719000,0.304949,0.79445331938794,9.73614383401139,0.421504189940331,-0.04184427,-0.051618114,0.026267206,66.93471,-86.31876,2.8155859,STD
9865396670000,0.3099,0.918766501726788,9.59039751261188,0.190024421556821,-0.029321533,-0.03848451,0.025045475,66.949936,-86.436485,2.687201,STD
9865401689000,0.314919,0.961281267011322,9.51413695237204,0.149436539838121,-0.022296581,-0.0290161,0.01863139,66.96298,-86.54521,2.5649798,STD
9865406654000,0.319884,0.987976609039019,9.45184796809207,0.144987315392533,-0.012217305,-0.03176499,0.01160644,66.97541,-86.65207,2.4467313,STD
9865411709000,0.324939,1.02154787886305,9.39737084098622,0.145356099183969,-0.00061086525,-0.02321288,0.018936822,66.95444,-86.76377,2.3615882,STD
9865416737000,0.329967,1.05759712815432,9.34690162597325,0.147759383306548,0.007941248,-0.011911872,0.032375857,66.932655,-86.87333,2.2796628,STD
9865421732000,0.334962,1.09340977736075,9.29676365282491,0.150146894084648,0.0106901415,-0.0015271631,0.036651913,66.90259,-86.97046,2.211773,STD
9865426695000,0.339925,1.12899299618187,9.24694688390897,0.152519109498403,0.021991149,0.01160644,0.05131268,66.86771,-87.06296,2.1532288,STD
9865431761000,0.344991,1.12432918660648,9.23714471104718,0.188954167897217,0.0106901415,0.0143553335,0.063224554,66.83241,-87.14837,2.0976868,STD
9865436717000,0.349947,1.10313946552904,9.24420809891364,0.23839688728806,-0.0018325958,0.024740042,0.07880162,66.79067,-87.22909,2.0495653,STD
9865441709000,0.354939,1.08179582395952,9.25132279468228,0.288198754761645,-0.0027488936,0.03573562,0.0888809,66.74136,-87.29306,2.0200472,STD
9865446711000,0.359941,1.06040942669775,9.25845174264597,0.338100385591547,-0.0076358155,0.04337143,0.09590584,66.68992,-87.34942,1.9953309,STD
9865451691000,0.364921,1.00627776029781,9.2953642919279,0.439249707821317,-0.004886922,0.03940081,0.093462385,66.63873,-87.40523,1.971959,STD
9865456694000,0.369924,0.935873013391458,9.34699473241575,0.565978216965125,-0.00580322,0.04184427,0.1142318,66.5834,-87.45121,1.9581884,STD
9865461705000,0.374935,0.85612574168392,9.38698947328207,0.654659667514542,-0.0067195175,0.046120327,0.11056661,66.5402,-87.4965,1.9302487,STD
9865466705000,0.379935,0.771149620220842,9.42003566277235,0.720752174662329,-0.008552114,0.049480084,0.11453723,66.49661,-87.53407,1.9113643,STD
9865471744000,0.384974,0.698324281953222,9.44711564305489,0.79724925873031,-0.01985312,0.065973446,0.1133155,66.45995,-87.56423,1.878758,STD
9865476729000,0.389959,0.634518537695465,9.46990339866348,0.879285250305489,-0.03634648,0.08735373,0.115453534,66.42144,-87.590515,1.8492842,STD
9865481707000,0.394937,0.571355257712034,9.47037783888862,0.95609534329473,-0.049785517,0.10445796,0.10873401,66.38952,-87.621,1.8016379,STD
9865486719000,0.399949,0.50829400105299,9.44935748503723,1.02849901331565,-0.07269296,0.12705997,0.1142318,66.35075,-87.64197,1.7594478,STD
9865491708000,0.404938,0.445522131645175,9.42843359330446,1.10057042387718,-0.09101892,0.14049901,0.108123146,66.32166,-87.66244,1.700613,STD
9865496711000,0.409941,0.382574113475743,9.40745098549949,1.17284407932704,-0.10140363,0.15118915,0.11484267,66.2881,-87.67375,1.6486952,STD
9865501664000,0.414894,0.318775043640754,9.38618467391102,1.25783850141172,-0.1160644,0.13805555,0.110872045,66.26362,-87.68664,1.5901098,STD
9865506727000,0.419957,0.251225068503761,9.36366803120646,1.36591848044023,-0.1160644,0.13194689,0.1133155,66.23523,-87.69546,1.5369239,STD
9865511666000,0.424896,0.188718706483727,9.34076675813657,1.47708347300574,-0.13225232,0.109650314,0.111177474,66.23666,-87.68458,1.4664241,STD
9865516715000,0.429945,0.135820578822135,9.31431716036102,1.60932874613,-0.11759156,0.08460484,0.10476339,66.24215,-87.67652,1.3976412,STD
9865521844000,0.435074,0.0832976415804991,9.29094883842374,1.7435296650159,-0.115453534,0.04917465,0.099571034,66.27675,-87.650024,1.3172613,STD
9865526713000,0.439943,0.0473562434056267,9.30891990037576,1.8693245654302,-0.103847094,0.01863139,0.09865474,66.31826,-87.62399,1.2388128,STD
9865532023000,0.445253,0.00878081266857143,9.32924278545454,2.00473657838961,-0.10567969,-0.007330383,0.08460484,66.38663,-87.57494,1.1467098,STD
9865536762000,0.449992,-0.0108661515847619,9.36460721393939,2.08332446166234,-0.094989546,-0.03848451,0.073303826,66.465965,-87.525055,1.0578772,STD
9865541682000,0.454912,-0.0312635063276191,9.40132234121212,2.1649139078961,-0.084910266,-0.058337633,0.0729984,66.5698,-87.45821,0.95429164,STD
9865547360000,0.46059,-0.0350803563883479,9.46240402379541,2.19954253650605,-0.082161374,-0.06994407,0.06383542,66.68081,-87.3868,0.84805846,STD
9865551681000,0.464911,-0.0315761322332966,9.51496734770091,2.20655097969345,-0.089186326,-0.079107046,0.05222898,66.79695,-87.30885,0.74399066,STD
9865556694000,0.469924,0.0106708203632783,9.6254231840464,2.13974410338111,-0.086437434,-0.074830994,0.0580322,66.923195,-87.21292,0.6394368,STD
9865561712000,0.474942,0.142130543862567,9.85153407736076,1.89785816426305,-0.08460484,-0.06811147,0.052534413,67.051674,-87.11077,0.5313075,STD
9865566710000,0.47994,0.241041660010649,10.0261127707871,1.67660657919957,-0.090713486,-0.058643065,0.057726767,67.17921,-86.999756,0.43375182,STD
9865571725000,0.484955,0.304970609487088,10.1454465404206,1.47629593522052,-0.09621128,-0.05100725,0.058337633,67.30527,-86.88658,0.33593455,STD
9865576647000,0.489877,0.371564306707382,10.2688217582771,1.26670283482267,-0.10323623,-0.03726278,0.06566802,67.40333,-86.810905,0.26888505,STD
9865582642000,0.495872,0.46999001501125,10.4472187753134,0.952970796464159,-0.10842858,-0.02565634,0.07360926,67.49918,-86.73334,0.20398743,STD
9865586689000,0.499919,0.515507773516877,10.5470820942863,0.771273371387894,-0.12217305,-0.02321288,0.07696902,67.56534,-86.69221,0.15652594,STD
9865591717000,0.504947,0.538208231152178,10.6378838110503,0.594209895698661,-0.12889257,-0.034208454,0.076052725,67.63136,-86.651146,0.11151486,STD
9865596648000,0.509878,0.553371419385158,10.7099950274134,0.438852909711181,-0.13500121,-0.052534413,0.0852157,67.66326,-86.649666,0.08642413,STD
9865601695000,0.514925,0.54390713318974,10.7241912590562,0.344209983520658,-0.12003502,-0.07819075,0.09162979,67.69992,-86.65177,0.061565634,STD
9865606675000,0.519905,0.529762319358176,10.7150493153172,0.271887100715718,-0.10415252,-0.11178834,0.10751228,67.72189,-86.68531,0.051216174,STD
9865611700000,0.52493,0.494201848335269,10.603288286604,0.292207356231394,-0.09101892,-0.15760323,0.115453534,67.75398,-86.72107,0.041614633,STD
9865617420000,0.53065,0.439281281347233,10.4649462878909,0.310205601299118,-0.083383106,-0.21044308,0.11636983,67.780556,-86.76985,0.041512184,STD
9865621723000,0.534953,0.380531931200214,10.347447127506,0.317549272943063,-0.070554934,-0.25992316,0.1282817,67.818016,-86.8221,0.04751251,STD
9865626818000,0.540048,0.311498287276566,10.2065877610489,0.326309336837556,-0.060170226,-0.29443705,0.13652839,67.86927,-86.8689,0.048663396,STD
9865631708000,0.544938,0.25170673197309,10.0502100562758,0.335508031003732,-0.055283304,-0.31581733,0.14263703,67.92929,-86.915886,0.05303301,STD
9865636992000,0.550222,0.187790763906954,9.88398835083252,0.346126991112635,-0.048563786,-0.33261612,0.1469131,67.997856,-86.95791,0.05002773,STD
9865641733000,0.554963,0.138874012812928,9.76836738746327,0.36391489806856,-0.059864793,-0.33628133,0.1554652,68.06697,-86.99434,0.05004651,STD
9865647049000,0.560279,0.0850624689429373,9.64215179887746,0.382319732759588,-0.063224554,-0.35246924,0.16218472,68.14734,-87.02853,0.043279495,STD
9865651696000,0.564926,0.0600839354087933,9.60468367689429,0.365667379968195,-0.061086524,-0.35308012,0.17195857,68.222435,-87.059425,0.03965949,STD
9865656690000,0.56992,0.0332402090327409,9.56441774162769,0.347771565498597,-0.054367006,-0.3622431,0.17959438,68.30261,-87.08042,0.03270124,STD
9865661709000,0.574939,-0.0118316261790715,9.55027831871776,0.370577248474576,-0.053145275,-0.36468655,0.18661933,68.37935,-87.09916,0.028218927,STD
9865666702000,0.579932,-0.0602828933015844,9.5414692795689,0.401409869745763,-0.047036625,-0.35002577,0.18295415,68.45223,-87.11994,0.022609634,STD
9865671840000,0.58507,-0.0699232774206269,9.5518822735086,0.425185040844287,-0.03848451,-0.3387248,0.19639318,68.52437,-87.14261,0.02084403,STD
9865676746000,0.589976,-0.0604220003443883,9.57088471456016,0.44418760591001,-0.03634648,-0.33841935,0.20738874,68.59407,-87.163925,0.017253058,STD
9865681707000,0.594937,-0.0414653171991435,9.58960334261242,0.494897399721627,-0.040011674,-0.31581733,0.21135938,68.65852,-87.17757,0.0077505563,STD
9865686943000,0.600173,-0.0170618913875803,9.60912596788009,0.563227000963597,-0.02321288,-0.28710666,0.20952678,68.719666,-87.196556,-0.00039273585,STD
9865691742000,0.604972,0.00615785601965627,9.64343630760523,0.625095354518884,-0.021685716,-0.27275133,0.21471913,68.778534,-87.206276,-0.0048682173,STD
9865696783000,0.610013,0.0309992078148606,9.68815060533086,0.689682854453021,-0.023823744,-0.2565634,0.21777347,68.82766,-87.21883,-0.010883906,STD
9865701695000,0.614925,0.0605708698219855,9.70448558430993,0.734127866356417,-0.01985312,-0.25289822,0.21960606,68.88162,-87.218666,-0.0040246886,STD
9865706725000,0.619955,0.0932294068282809,9.7091511833414,0.771451913242615,-0.029321533,-0.23609942,0.22021692,68.926254,-87.21362,0.0025340002,STD
9865711710000,0.62494,0.111260913827491,9.72863015399089,0.770508071531987,-0.023518313,-0.23976462,0.22479841,68.98539,-87.20342,0.02077573,STD
9865716715000,0.629945,0.120754260831848,9.75711027926322,0.746774681717172,-0.014660766,-0.23182335,0.2144137,69.03571,-87.19125,0.033768453,STD
9865721738000,0.634968,0.130192099914205,9.78827074319977,0.731720493058399,-0.0143553335,-0.24984388,0.22266038,69.09572,-87.172386,0.05600584,STD
9865726768000,0.639998,0.139584969008482,9.82114596402457,0.72232762886809,0.014966198,-0.25809056,0.22082779,69.15008,-87.16433,0.07140282,STD
9865731743000,0.644973,0.132521737771794,9.91997159636001,0.731616947876672,0.026267206,-0.27947086,0.21594086,69.209335,-87.15558,0.0897248,STD
9865736705000,0.649935,0.112775989693011,10.070039003989,0.755311868993601,0.054367006,-0.29901853,0.22052236,69.26927,-87.15948,0.10953409,STD
9865741703000,0.654933,0.0923608857033907,10.2040690037346,0.778447137969533,0.0729984,-0.33261612,0.22571471,69.33669,-87.165436,0.12932803,STD
9865746730000,0.65996,0.0687035855693366,10.2371889053563,0.79737294566683,0.092240654,-0.36163223,0.21594086,69.407265,-87.17885,0.14560781,STD
9865751734000,0.664964,0.0473265704484143,10.2607613873946,0.821833022886391,0.11453723,-0.37843102,0.21044308,69.49387,-87.19345,0.17108794,STD
9865756910000,0.67014,0.0423517066708149,10.2110127755921,0.891481126162184,0.12492194,-0.39645153,0.2125811,69.58727,-87.208885,0.19534035,STD
9865761691000,0.674921,0.036197254773623,10.1600181738441,0.950741316178026,0.14294247,-0.40194935,0.21105394,69.688576,-87.23101,0.21253718,STD
9865766711000,0.679941,0.0177119832615592,10.067592122705,0.973847913409593,0.14630222,-0.4092797,0.20861048,69.79333,-87.250404,0.229483,STD
9865771903000,0.685133,-0.00136484854678406,9.97248122280257,0.99899056764662,0.1518,-0.42058071,0.21594086,69.91096,-87.263466,0.24850354,STD
9865776752000,0.689982,-0.0186898501262498,9.8893211622519,1.03710558183107,0.16920967,-0.4098906,0.21502456,70.02217,-87.279785,0.2634037,STD
9865782695000,0.695925,-0.0399236064444113,9.78739906700492,1.08381985885689,0.17562376,-0.3921755,0.22113322,70.13568,-87.287704,0.27861306,STD
9865786703000,0.699933,-0.0569824069957302,9.71643494790777,1.10861149513237,0.20097467,-0.38545597,0.21991149,70.24709,-87.30487,0.29070264,STD
9865791716000,0.704946,-0.0826060889359522,9.62418996861657,1.12911042698548,0.20311269,-0.37782016,0.22479841,70.35084,-87.31559,0.3052887,STD
9865796711000,0.709941,-0.0935980391235955,9.54208657116105,1.14181002397004,0.21227567,-0.3707952,0.22907446,70.46736,-87.32824,0.31551707,STD
9865801688000,0.714918,-0.0891351408550562,9.47068013548689,1.14627292037453,0.22418754,-0.3643811,0.22999077,70.57956,-87.34087,0.3254261,STD
9865806696000,0.719926,-0.0739503433756748,9.41483449412512,1.12298626411559,0.23365596,-0.3539964,0.23365596,70.689644,-87.349686,0.3331409,STD
9865811720000,0.72495,-0.0382991172187996,9.38936935005822,1.04659077873399,0.24312437,-0.34147367,0.23732115,70.79513,-87.36056,0.34043226,STD
9865816710000,0.72994,-0.000958402906706854,9.37734814348154,0.964211942019593,0.24923302,-0.33841935,0.2406809,70.90984,-87.37203,0.35714778,STD
9865821707000,0.734937,0.0387106502491334,9.38095449382065,0.874054991047476,0.2574797,-0.32070425,0.23945917,71.014565,-87.385414,0.3723435,STD
9865826656000,0.739886,0.0779986518637528,9.38452620241145,0.784764066420497,0.26297748,-0.30909783,0.24556783,71.12023,-87.411354,0.40428904,STD
9865831672000,0.744902,0.130469072959281,9.38142077829356,0.639086439916242,0.26939157,-0.2929099,0.25350907,71.21719,-87.43785,0.43486008,STD
9865836689000,0.749919,0.18622755378677,9.37657224357939,0.479083857727433,0.27885997,-0.27672195,0.25473082,71.308624,-87.46487,0.4638552,STD
9865841717000,0.754947,0.242108287611888,9.37171307823301,0.318730462621727,0.2846632,-0.25503623,0.25442538,71.37755,-87.51013,0.5025888,STD
9865846653000,0.759883,0.296966541820475,9.36694282362884,0.161311139184621,0.28893927,-0.24465153,0.25870144,71.44308,-87.554695,0.5414832,STD
9865851724000,0.764954,0.350242491261581,9.35815669677705,-0.0171808590005914,0.3136793,-0.22021692,0.2678644,71.509964,-87.60947,0.580839,STD
9865856657000,0.769887,0.401461315860438,9.34884423713779,-0.19411864234181,0.32406402,-0.20922135,0.2706133,71.575775,-87.65871,0.6182516,STD
9865861741000,0.774971,0.434963783719188,9.34310373811871,-0.345648870534411,0.31978795,-0.19364429,0.27183503,71.59538,-87.7557,0.6777311,STD
9865866663000,0.779893,0.462850024547427,9.33845593748767,-0.485080064969434,0.34483343,-0.18020524,0.2770274,71.61072,-87.85659,0.73722833,STD
9865872466000,0.785696,0.500845265161876,9.35994536248109,-0.602869392804841,0.37201694,-0.1695151,0.2950479,71.6132344788339,-87.9934610782748,0.825796049714457,STD
9865876679000,0.789909,0.529330363078164,9.38029183671205,-0.680186062868381,0.39461896,-0.15882497,0.3032946,71.61506,-88.09283,0.89009655,STD
9865881628000,0.794858,0.547552145247376,9.44527611964018,-0.744110704485757,0.41416663,-0.15943582,0.30970868,71.601456,-88.21657,0.9759155,STD
9865886639000,0.799869,0.561941753883058,9.5220207992004,-0.80166916907946,0.44012842,-0.14385876,0.31612277,71.57849,-88.32549,1.0615268,STD
9865891619000,0.804849,0.561244340356564,9.5877342171799,-0.844326676693679,0.45723262,-0.13897185,0.33017266,71.555435,-88.420395,1.1547865,STD
9865896628000,0.809858,0.556385123257699,9.6509038365073,-0.883200464224068,0.48533243,-0.12675454,0.33322698,71.524254,-88.49027,1.2441825,STD
9865901659000,0.814889,0.528697565065673,9.70886767104489,-0.955624923681631,0.49754974,-0.116675265,0.3494149,71.49144,-88.51127,1.350981,STD
9865906606000,0.819836,0.496190678714958,9.76459391433052,-1.03457022811017,0.5112942,-0.10873401,0.3491095,71.45433,-88.49666,1.4511244,STD
9865911615000,0.824845,0.462634475201045,9.78528624225975,-1.0092499041918,0.54092115,-0.093767814,0.3475823,71.414024,-88.434044,1.5588276,STD
9865916605000,0.829835,0.42900782929232,9.79489354724568,-0.951604193244873,0.5564982,-0.108123146,0.3491095,71.37851,-91.666756,1.6643926,STD
9865921654000,0.834884,0.402587616954213,9.79331494048692,-0.822017374331229,0.5839872,-0.16310102,0.36132678,71.351524,-91.80298,1.768661,STD
9865926614000,0.839844,0.378791921292456,9.78855620288548,-0.674484060234446,0.6020077,-0.1957823,0.36713,71.32084,-91.96485,1.8687571,STD
9865931622000,0.844852,0.314991238519315,9.6668319007335,-0.506355008586797,0.6261369,-0.21838433,0.36651915,71.31624,-92.14704,1.967522,STD
9865936640000,0.84987,0.239792933347677,9.51173521320293,-0.332458954562347,0.65301496,-0.22815818,0.37293324,71.315285,-92.34701,2.0669696,STD
9865941922000,0.855152,0.216402619032651,9.3632716908335,-0.283440269032651,0.66431594,-0.21533,0.37384954,71.33101,-92.537674,2.1576357,STD
9865946617000,0.859847,0.21184339412898,9.23561310788887,-0.27888104412898,0.6786713,-0.18845193,0.39095375,71.3432,-92.74102,2.2520988,STD
9865951627000,0.864857,0.217943525011891,9.10175835434007,-0.274100514387634,0.6979135,-0.17440203,0.40439278,71.382805,-92.92568,2.3366387,STD
9865956614000,0.869844,0.227408353893183,8.96925101684503,-0.269368102417757,0.7021896,-0.13530666,0.40683624,71.40502,-93.11031,2.4207997,STD
9865961611000,0.874841,0.226309853906219,8.83622271130539,-0.30701914858335,0.7296785,-0.0693332,0.41325033,71.42091,-93.312454,2.516605,STD
9865966602000,0.879832,0.221561407779654,8.70326606109676,-0.359252031184184,0.7357872,0.009773844,0.42241332,71.41955,-93.50958,2.6117544,STD
9865971616000,0.884846,0.223728949735748,8.57698799010293,-0.39426985118369,0.7486154,0.09621128,0.43218717,71.394585,-93.71322,2.7090955,STD
9865976615000,0.889845,0.228467120083135,8.45379608551069,-0.422698863372922,0.75655663,0.18142697,0.43768495,71.34592,-93.91468,2.806282,STD
9865982393000,0.895623,0.233686168952787,8.36805694592338,-0.457855926555978,0.768163,0.27855456,0.4364632,71.28815,-94.136215,2.908738,STD
9865986647000,0.899877,0.23746501992023,8.31893135460532,-0.484307847815602,0.7831292,0.3576616,0.4382958,71.21021,-94.358154,3.0121586,STD
9865991614000,0.904844,0.245079706753552,8.28219499967952,-0.4640367451565,0.79473567,0.40561453,0.43890667,71.10927,-94.58414,3.1160507,STD
9865996613000,0.909843,0.255308186233308,8.26173813684436,-0.40266578817434,0.8017606,0.4352415,0.42455134,70.99063,-94.80628,3.215013,STD
9866001649000,0.914879,0.305346626124547,8.26972283667874,-0.329847984155488,0.8014552,0.44135013,0.4202753,70.87704,-95.041824,3.3204932,STD
9866006677000,0.919907,0.373711137925193,8.29093958866151,-0.252053897252521,0.80970186,0.41263947,0.3921755,70.76423,-95.27006,3.4129713,STD
9866011811000,0.925041,0.44351690633898,8.31260363096054,-0.172619759989229,0.8127562,0.3848451,0.35705075,70.66353,-95.48987,3.5036333,STD
9866016682000,0.929912,0.509746726740918,8.33315788690884,-0.097254804280329,0.8194757,0.32559118,0.31856623,70.57908,-95.703094,3.5822747,STD
9866021691000,0.934921,0.640165734700316,8.41352710725552,-0.0756930270883281,0.8231409,0.24312437,0.2742785,70.51501,-95.91199,3.6536486,STD
9866026669000,0.939899,0.809353448619874,8.53101850709779,-0.0897920019396688,0.8341365,0.16310102,0.23273966,70.46548,-96.11449,3.7121575,STD
9866031665000,0.944895,0.962165594542254,8.69165477992958,-0.214713796368545,0.8258898,0.093767814,0.20097467,70.44729,-96.296326,3.7742174,STD
9866036671000,0.949901,1.10283904190141,8.88390838849765,-0.421034772195618,0.8151997,0.076358154,0.19425514,70.43505,-96.473595,3.8296406,STD
9866041669000,0.954899,1.21504174454148,9.02273200873362,-0.59234011930131,0.78893244,0.07849618,0.1957823,70.430534,-96.65476,3.8930025,STD
9866046663000,0.959893,1.30246717411394,9.11501425165025,-0.733192235216817,0.7623598,0.07574729,0.1826487,70.42991,-96.825714,3.9482615,STD
9866051687000,0.964917,1.34208882681548,9.14206873184522,-0.793539143184522,0.73914695,0.076052725,0.19181168,70.40402,-97.0353,4.0313115,STD
9866056722000,0.969952,1.34445960158317,9.11836098416835,-0.791168368416835,0.7330383,0.07971791,0.1957823,70.375916,-97.23509,4.107306,STD
9866061705000,0.974935,1.34680589168592,9.09489808314076,-0.788822078314076,0.7076874,0.05955936,0.19608775,70.34533,-97.45484,4.1999054,SDL
9866066700000,0.97993,1.34915783209597,9.07137867904027,-0.786470137904027,0.6988298,0.047036625,0.19883664,70.31033,-97.6729,4.292204,SDL
9866071791000,0.985021,1.31411404918128,9.00895693372735,-0.756325571866098,0.68019843,0.027183503,0.2098322,70.292564,-97.88494,4.386806,SDL
9866076809000,0.990039,1.24427137523496,8.91117716103091,-0.700451437570972,0.6533204,0.0076358155,0.21624629,70.27669,-98.08745,4.477945,SDL
9866081908000,0.995138,1.13167009050019,8.81782766461366,-0.657518050739082,0.6554584,-0.0036651916,0.23457226,70.26288,-98.29199,4.573754,SDL
9866086734000,0.999964,0.980716494400896,8.73588159014558,-0.631640287547592,0.63621616,0.009162978,0.24770586,70.24631,-98.48033,4.667478,SDL
9866091667000,1.004897,0.824636159014498,8.63859791356212,-0.610383034237475,0.6301075,0.03634648,0.24801129,70.241516,-98.6588,4.752988,SDL
9866096709000,1.009939,0.660698587155441,8.50567565553312,-0.601521550368875,0.63132924,0.047647487,0.26725355,70.237206,-98.83496,4.844976,SDL
9866101726000,1.014956,0.512051573934394,8.37342885523473,-0.595460693975643,0.627664,0.04734206,0.27305678,70.23576,-98.983925,4.910805,SDL
9866106698000,1.019928,0.469963296063642,8.24248731408368,-0.609490108538598,0.6310238,0.032986723,0.26236662,70.2339,-99.13153,4.975389,SDL
9866111713000,1.024943,0.435249302768192,8.11769758822234,-0.629075034742639,0.61575216,0.01282817,0.2556471,70.239944,-99.257416,5.020277,SDL
9866116681000,1.029911,0.487651361127836,8.07577582480358,-0.709424863640502,0.59895337,-0.011911872,0.25228736,70.24978,-99.37943,5.0612454,SDL
9866121701000,1.034931,0.540601911241648,8.03341526675967,-0.790615713291725,0.59742624,-0.04550946,0.25167647,70.29024,-99.5121,5.096668,SDL
9866126713000,1.039943,0.628253468953829,8.02028084648965,-0.855070983791279,0.5934556,-0.06536258,0.24220806,70.33131,-99.634926,5.1272593,SDL
9866131708000,1.044938,0.778117629705716,8.0595895032099,-0.889466039181347,0.6026186,-0.07360926,0.2434298,70.37692,-99.758804,5.1589265,SDL
9866136716000,1.049946,0.928371827312413,8.09900046474244,-0.923950611232089,0.58276546,-0.0842994,0.23701571,70.41531,-99.89865,5.200312,SDL
9866141715000,1.054945,1.07835599940424,8.13834059986647,-0.958373210210056,0.5580254,-0.0983493,0.22907446,70.45479,-100.035706,5.239926,SDL
9866146709000,1.059939,1.17306494837552,8.17778780653475,-1.01760956282559,0.5222898,-0.11575896,0.23273966,70.49635,-100.162384,5.2793107,SDL
9866151701000,1.064931,1.20386588702255,8.21738886240221,-1.10561220529222,0.47800204,-0.11881329,0.23273966,70.53531,-100.27577,5.3144054,SDL
9866156694000,1.069924,1.21572025652037,8.23263013651195,-1.1438151151563,0.45204028,-0.15057829,0.22876903,70.58007,-100.428055,5.3947244,SDL
9866161720000,1.07495,1.18025751784023,8.18703536059362,-1.05769134389012,0.43004912,-0.1731803,0.22266038,70.62112,-100.56602,5.472085,SDL
9866166702000,1.079932,1.18710327950563,8.12483833717091,-0.981973311360366,0.4196644,-0.19058995,0.21563543,70.6586,-100.71386,5.5509553,SDL
9866171721000,1.084951,1.26034363076272,8.03532249864556,-0.920939713637518,0.4279111,-0.22143865,0.20586158,70.704,-100.855484,5.623145,SDL
9866176958000,1.090188,1.34535532754832,7.94725696497457,-0.863032006528993,0.4392121,-0.22724187,0.20005837,70.75285,-100.975334,5.6863303,SDL
9866182779000,1.096009,1.56085585355036,7.92457277076297,-0.880045232130214,0.45142943,-0.24251351,0.20158553,70.811,-101.09349,5.7449417,SDL
9866186769000,1.099999,1.69959862170543,7.90905660258398,-0.902768732764858,0.46517387,-0.25717425,0.21166481,70.895905,-101.22483,5.8138022,SDL
9866191719000,1.104949,1.7608456476446,7.8902112805804,-1.0676645574518,0.4642576,-0.24801129,0.23487769,70.976456,-101.3536,5.8849225,SDL
9866197584000,1.110814,1.81481131164953,7.86830943728207,-1.22870048701833,0.44990227,-0.22143865,0.2660318,71.04436,-101.50168,5.9829574,SDL
9866201692000,1.114922,1.797224554135,7.85424013410818,-1.23925251949039,0.43799037,-0.18875736,0.2770274,71.10564,-101.64607,6.0794587,SDL
9866206656000,1.119886,1.77597317528833,7.83723915529727,-1.25200332016987,0.42241332,-0.19333886,0.2874121,71.164,-101.82837,6.194997,SDL
9866211709000,1.124939,1.72143251157223,7.83023673565024,-1.24737932129587,0.42852196,-0.21930063,0.30268374,71.217804,-102.01038,6.3117633,SDL
9866216696000,1.129926,1.65963072572326,7.82582223347814,-1.23855050133099,0.43768495,-0.2556471,0.3115413,71.27392,-102.18507,6.4250994,SDL
9866221735000,1.134965,1.61856985738971,7.83696042809514,-1.26082685665786,0.4437936,-0.3005457,0.3173445,71.34742,-102.36329,6.5349836,SDL
9866226700000,1.13993,1.58957078522057,7.85629324380972,-1.29949233668429,0.44623706,-0.35308012,0.31306845,71.43061,-102.537384,6.638427,SDL
9866231709000,1.144939,1.5965190437751,7.91976914631861,-1.37740643199465,0.44226643,-0.3921755,0.31673363,71.531425,-102.702065,6.728098,SDL
9866236732000,1.149962,1.62066777188755,8.0042896106593,-1.47400142849732,0.42730024,-0.4156938,0.32467487,71.63934,-102.859436,6.812662,SDL
9866241682000,1.154912,1.6542015305657,8.09017914893272,-1.56395614333252,0.42760566,-0.43188173,0.34300083,71.752106,-103.01957,6.8935776,SDL
9866246718000,1.159948,1.71291693347131,8.1841235810405,-1.64224323821118,0.42210788,-0.4364632,0.36774087,71.86556,-103.171776,6.975018,SDL
9866251705000,1.164935,1.7710610387712,8.27715393904715,-1.71976860400941,0.41325033,-0.43860126,0.3830125,71.99883,-103.350464,7.060579,SDL
9866256712000,1.169942,1.79447518574695,8.27090425676448,-1.77673760680259,0.4034765,-0.43585235,0.4098906,72.13008,-103.5271,7.15298,SDL
9866261648000,1.174878,1.81023821897866,8.24388205516387,-1.82853047730564,0.3921755,-0.44226643,0.44348818,72.26193,-103.6987,7.247506,SDL
9866267294000,1.180524,1.82826862530488,8.21297294855183,-1.88777329474085,0.37965274,-0.4352415,0.47433686,72.3884,-103.88864,7.3565974,SDL
9866271697000,1.184927,1.84232953197409,8.18886866296684,-1.93397345860328,0.37018433,-0.4352415,0.5109888,72.51722,-104.07622,7.4717865,SDL
9866276720000,1.18995,1.83129226257773,8.1303371420765,-1.94799145419258,0.36560285,-0.43463063,0.5345071,72.65375,-104.2667,7.5947495,SDL
9866281724000,1.194954,1.80420220763143,8.05358179781421,-1.93896143587714,0.39522982,-0.43035457,0.56046885,72.78782,-104.462654,7.724038,SDL
9866286699000,1.199929,1.77827264082723,7.97549830737173,-1.8866720624712,0.42546764,-0.4334089,0.591623,72.90965,-104.68092,7.8650017,SDL
9866291727000,1.204957,1.75306203823037,7.8948246528377,-1.79087186737173,0.45662177,-0.45234573,0.61850107,73.03253,-104.90296,8.006088,SDL
9866296692000,1.209922,1.71904040165476,7.80936195923279,-1.7392564898082,0.47800204,-0.47952923,0.63591075,73.15636,-105.126114,8.145333,SDL
9866301695000,1.214925,1.67849747446408,7.71926656547574,-1.71673264136894,0.4978552,-0.48899764,0.655153,73.278564,-105.35376,8.287257,SDL
9866306676000,1.219906,1.60813535348302,7.63929261446939,-1.71524816572635,0.49754974,-0.49113566,0.68630713,73.43393,-105.57381,8.424651,SDL
9866311716000,1.224946,1.50161609959701,7.56982340548839,-1.73840450424103,0.4905248,-0.46761733,0.7058548,73.58075,-105.7909,8.560181,SDL
9866316704000,1.229934,1.34654699499037,7.46086756069364,-1.7682032628131,0.48716503,-0.42546764,0.7266242,73.72912,-106.00959,8.703625,SDL
9866321726000,1.234956,1.10972862331407,7.28582812138728,-1.80938909229287,0.4746423,-0.3979787,0.75411314,73.8724,-106.22147,8.84973,SDL
9866326682000,1.239912,0.86840564646774,7.12954255419425,-1.78102583631064,0.47067168,-0.35277468,0.7703011,74.01209,-106.43179,8.983304,SDL
9866331712000,1.244942,0.616149854302935,6.98675610670882,-1.68583493758522,0.46914452,-0.32650748,0.78038037,74.14669,-106.63628,9.118448,SDL
9866337468000,1.250698,0.337281253404446,6.81772746921412,-1.62252032116652,0.46883908,-0.30879238,0.7812967,74.28391,-106.83557,9.232446,SDL
9866341765000,1.254995,0.134903270334612,6.68820548377102,-1.60228253735615,0.47952923,-0.301462,0.7849618,74.4135,-107.03283,9.346836,SDL
9866346747000,1.259977,-0.0302182840251641,6.5593581143326,-1.57648485634573,0.47616947,-0.29993483,0.77213365,74.54993,-107.185936,9.42323,SDL
9866351694000,1.264924,-0.115037894236921,6.45568982743187,-1.54821162456734,0.47861293,-0.29260445,0.7629707,74.67923,-107.338905,9.499536,SDL
9866356663000,1.269893,-0.121720587483541,6.3870357243785,-1.4829868770168,0.4783075,-0.28619036,0.7287622,74.82867,-107.47776,9.554273,SDL
9866361725000,1.274955,-0.0264512605030952,6.36321841004225,-1.36866376820281,0.45998153,-0.27214047,0.70249504,74.96997,-107.60796,9.607157,SDL
9866366697000,1.279927,0.1208164574122,6.38011830683919,-1.2609167922366,0.44929138,-0.23915374,0.6743952,75.11671,-107.735664,9.653637,SDL
9866371722000,1.284952,0.347646034861368,6.45572807000924,-1.1586210745841,0.41386122,-0.19822577,0.6417139,75.251595,-107.84409,9.690961,SDL
9866376719000,1.289949,0.597119327227273,6.53813487931818,-1.04163012289773,0.35460728,-0.16218472,0.6160576,75.38331,-107.93004,9.731782,SDL
9866383664000,1.296894,1.04430456256818,6.68299784579545,-0.814888302869318,0.28496864,-0.11636983,0.58032197,75.49431,-107.99492,9.762913,SDL
9866386709000,1.299939,1.24303020402512,6.75147939272053,-0.710468909157865,0.1881465,-0.112399206,0.57848936,75.61986,-108.04282,9.819775,SDL
9866391687000,1.304917,1.58326245913978,6.89210857956989,-0.510865992473118,0.16646078,-0.13041973,0.56016344,75.73225,-108.08137,9.862161,SDL
9866396930000,1.31016,1.94008937462069,7.03666759724138,-0.296696074786207,0.15210545,-0.1695151,0.55863625,75.86749,-108.1089,9.955148,SDL
9866401694000,1.314924,2.24687080975862,7.12712897551724,-0.0567772482275862,0.17715092,-0.22999077,0.552833,76.01011,-108.1349,10.035641,SDL
9866406739000,1.319969,2.57174745549138,7.22292613198276,0.197292961677586,0.20189096,-0.3100141,0.54733527,76.172516,-108.1459,10.148319,SDL
9866411707000,1.324937,2.95152790636924,7.37780036359607,0.465315806436693,0.22327125,-0.410196,0.54611355,76.355675,-108.15991,10.25068,SDL
9866416723000,1.329953,3.35885866782617,7.5583219406244,0.743041354172288,0.22357668,-0.50671273,0.57971114,76.56027,-108.17749,10.351954,SDL
9866421745000,1.334975,3.73820325757174,7.76173352724395,0.949855358776677,0.22082779,-0.5983425,0.6020077,76.81463,-108.187996,10.490748,SDL
9866426715000,1.339945,4.09786408530583,7.97558567949556,1.11510494062085,0.21685717,-0.6957755,0.6462954,77.09924,-108.20606,10.633715,SDL
9866431713000,1.344943,4.36113408332101,8.17682225018491,1.21648120122041,0.21563543,-0.81336707,0.6908886,77.42754,-108.213554,10.821354,SDL
9866436719000,1.349949,4.57832473441198,8.37185098382027,1.28740056821376,0.2134974,-0.93859446,0.74036866,77.78598,-108.22867,11.011108,SDL
9866441717000,1.354947,4.72919395253237,8.58379905520456,1.33441475535992,0.21013765,-1.0635164,0.7825184,78.18489,-108.25139,11.241683,SDL
9866446707000,1.359937,4.81828641001554,8.81147949849819,1.35916267457276,0.21838433,-1.1242975,0.820392,78.600365,-108.28566,11.475784,SDL
9866451692000,1.364922,4.85273725347074,9.00376594789034,1.38570607680342,0.21410827,-1.2339478,0.8414669,79.07028,-108.32618,11.727206,SDL
9866456723000,1.369953,4.84805318019638,9.17239444439043,1.41381085882753,0.20158553,-1.3381003,0.8888089,79.555824,-108.380516,11.987305,SDL
9866461731000,1.374961,4.80826743593381,9.2712468178684,1.44448947705871,0.19272798,-1.4175128,0.9230174,80.0771,-108.43643,12.24657,SDL
9866466701000,1.379931,4.73794134846336,9.30875435825453,1.47730826892238,0.18997909,-1.4816537,0.96883225,80.6222,-108.50375,12.510307,SDL
9866471830000,1.38506,4.62018751985448,9.28058346357022,1.48403941499053,0.17715092,-1.5293012,1.0048733,81.20001,-108.56171,12.7645,SDL
9866476748000,1.389978,4.46527282371175,9.19138987441443,1.46526189983056,0.16584991,-1.565953,1.0372492,81.78944,-108.62884,13.020817,SDL
9866481706000,1.394936,4.13342454141453,9.00046125093061,1.44225407672998,0.15057829,-1.5858061,1.0720685,82.390114,-108.68419,13.2661495,SDL
9866486724000,1.399954,3.61511054624415,8.70231628042379,1.41473295463396,0.15515977,-1.5861117,1.1117748,82.99113,-108.74994,13.515011,SDL
9866491715000,1.404945,3.15387940431339,8.45482547705553,1.33131293624623,0.15974127,-1.561677,1.1420126,83.60804,-108.81883,13.754079,SDL
9866496710000,1.40994,2.77497926057684,8.28184925062419,1.16245527331037,0.17287487,-1.5415184,1.1743884,84.22089,-108.89847,13.998327,SDL
9866501712000,1.414942,2.3914596881852,8.11537897947338,0.979506899481206,0.19425514,-1.518611,1.2030991,84.846405,-108.93956,14.174698,SDL
9866506694000,1.419924,1.95712296890172,8.03598410893696,0.619894815867267,0.20769419,-1.464244,1.2299771,85.448654,-108.98582,14.358131,SDL
9866511948000,1.425178,1.502473376573,7.95802205912616,0.228599257808722,0.23273966,-1.3970488,1.2577715,86.05016,-109.03383,14.499357,SDL
9866516700000,1.42993,1.13059977414492,7.95422743279413,-0.264702521962812,0.28191432,-1.2855659,1.2980887,86.61368,-109.09391,14.654384,SDL
9866521753000,1.434983,0.735171046647211,7.95019244818644,-0.789250900158426,0.34025195,-1.1233811,1.344209,87.13267,-109.183044,14.788431,SDL
9866526752000,1.439982,0.369031666228757,7.97209812363949,-1.36792350977659,0.38820487,-0.93309665,1.3820826,87.6012,-109.28174,14.936877,SDL
9866531740000,1.44497,0.0178552550849723,8.00858400544205,-1.97906166089364,0.453262,-0.74464476,1.4172074,88.0154,-109.39893,15.103308,SDL
9866536718000,1.449948,-0.289211046384872,7.99677203114572,-2.61622597107898,0.5335908,-0.56382865,1.4468343,88.37391,-109.58515,15.255937,SDL
9866541722000,1.454952,-0.560588456112853,7.94346569278997,-3.280131430721,0.6078109,-0.3979787,1.4740179,88.67523,-109.78259,15.423599,SDL
9866546717000,1.459947,-0.805841175084013,7.8814819200192,-3.92412123859818,0.66767573,-0.3191771,1.5057828,88.93537,-110.07515,15.603331,SDL
9866551689000,1.464919,-1.0298621181469,7.81290412414786,-4.55046553720595,0.68783426,-0.1554652,1.5302174,89.12129,-110.36991,15.797563,SDL
9866556710000,1.46994,-1.13581756508061,7.77190063499803,-4.9467013562328,0.7357872,-0.014049901,1.5647314,89.273865,-110.762024,15.9975605,SDL
9866561710000,1.47494,-1.10757297208022,7.76248586897365,-5.07850965351946,0.75900006,0.06994407,1.5980235,89.39961,-111.14903,16.203024,SDL
9866566703000,1.479933,-0.901298559407577,8.01887004098652,-4.84794633424866,0.7901542,-0.011911872,1.6313156,89.521255,-111.623184,16.402214,SDL
9866571734000,1.484964,-0.464366783930842,8.61914069972032,-4.14967205987796,0.84482664,-0.25900686,1.6734654,89.67687,-112.10491,16.597387,SDL
9866576679000,1.489909,-0.0225900799300843,9.29688940818425,-3.41522746002468,0.9279043,-0.5403103,1.7278323,89.88001,-112.62741,16.798868,SDL
9866582856000,1.496086,0.719444083101995,11.4986628307629,-1.75477406697717,1.0818423,-0.93492925,1.7595973,90.19526,-113.16721,16.967382,SDL
9866586726000,1.499956,1.46013433547879,12.9448912472234,-0.652531054424137,1.4236214,-1.0946705,1.7308867,90.57023,-113.645096,17.14483,SDL
9866592354000,1.505584,4.3824715882641,15.4948659438566,1.36482436928203,1.5656476,-1.5354098,1.600467,91.12813,-114.08822,17.239365,SDL
9866596680000,1.50991,6.62874574525579,17.4549211211194,2.91547816511587,1.8393153,-2.1948388,1.3686435,91.84424,-114.36528,17.258327,SDL
9866601692000,1.514922,9.15240070071685,18.1751659446436,1.21805087795699,2.000889,-2.987742,1.1340714,92.695915,-114.6166,17.18875,SDL
9866606675000,1.519905,11.6467895905018,18.6027762056949,-1.11954809543011,1.9822577,-3.561039,0.9783007,93.63809,-114.850655,17.037642,SDL
9866611740000,1.52497,13.1912952486976,18.8412322813271,-4.32443298098894,1.8484782,-3.703676,0.9944886,94.65945,-114.9381,17.089586,SDL
9866616696000,1.529926,14.5100641546477,19.0364445961064,-7.62135461169911,1.8023579,-3.335935,1.1261301,95.666145,-115.03925,17.125854,SDL
9866621734000,1.534964,14.9396111555601,19.1795497275143,-9.15097976430908,1.9382755,-2.4630086,1.2922854,96.48522,-115.63943,17.494394,SDL
9866626708000,1.539938,14.8811869908013,19.2915287835241,-9.69627027412101,2.1594086,-1.4117095,1.3805555,97.13966,-116.236465,17.902552,SDL
9866631706000,1.544936,14.2979895778443,18.3546226761334,-8.92682104431138,2.375044,-0.6282749,1.4065173,97.52961,-117.31739,18.515188,SDL
9866636741000,1.549971,13.4771489041916,16.9439319678358,-7.56562839161677,2.5259278,-0.31795537,1.4828753,97.78325,-118.3998,19.1706,SDL
9866641733000,1.554963,12.3330273711669,15.2887292843489,-6.30642471417762,2.6193902,-0.28802297,1.582141,97.93096,-119.51163,19.832691,SDL
9866646707000,1.559937,10.6114508956591,13.1877416947431,-5.2108756112505,2.7085764,-0.3662137,1.6163495,98.038414,-120.60394,20.475298,SDL
9866651686000,1.564916,8.90664126102045,11.2981920160091,-4.52879889264615,2.767525,-0.4288274,1.6832392,98.215546,-121.64186,21.120817,SDL
9866656724000,1.569954,7.21731504445363,9.79822976420161,-4.63843080960545,2.8255572,-0.3182608,1.8322903,98.38589,-122.688446,21.780828,SDL
9866661950000,1.57518,5.96967001907655,8.51609699832928,-5.13617946433779,2.792265,-0.06566802,2.0271564,98.599945,-123.68303,22.398855,SDL
9866666700000,1.57993,5.4215440672742,7.66857488158161,-6.03436858442689,2.6612344,0.31215215,2.2317963,98.771034,-124.67675,23.069387,SDL
9866671767000,1.584997,4.92538153510091,6.83720357190344,-6.59511130158291,2.4883597,0.7861836,2.4440718,98.91897,-125.67913,23.721909,SDL
9866676741000,1.589971,4.54837310110803,6.11146198462604,-6.65166274875346,2.2421808,1.1365148,2.6481009,99.02976,-126.653366,24.437838,SDL
9866681644000,1.594874,4.08803204169936,5.37628438105444,-6.10586552720314,1.9856175,1.2168436,2.7614164,99.14598,-127.687004,25.149918,SDL
9866686751000,1.599981,3.47497615110516,4.58071561808439,-4.6317235513061,1.7534887,0.9407325,2.7678304,99.29129,-128.66495,25.855856,SDL
9866691644000,1.604874,2.81777652042234,3.93237676021117,-3.42807905634899,1.5430456,0.29168814,2.6868908,99.57569,-129.61237,26.48453,SDL
9866696709000,1.609939,1.98215425590442,3.51456562795221,-2.6463678693526,1.3292428,-0.46700647,2.6141977,99.97503,-130.48688,27.029547,SDL
9866701703000,1.614933,1.16539284268908,3.16374235058823,-2.14602556537815,1.1007792,-0.95203346,2.5967882,100.497665,-131.24756,27.532337,SDL
9866706724000,1.619954,0.381008301196243,3.12571166346021,-3.03499463298072,0.9086621,-0.9401216,2.6896396,101.09087,-131.96121,27.986607,SDL
9866711700000,1.62493,-0.363675314011516,3.11408163550864,-3.86939748251531,0.8164214,-0.6032294,2.85946,101.77685,-132.56984,28.36276,SDL
9866716699000,1.629929,-0.910636917082534,3.2628551378119,-4.4207347754867,0.83108217,-0.16371189,3.0473013,102.433075,-133.16702,28.770601,SDL
9866722126000,1.635356,-1.48163042141926,3.43050794924567,-4.97820204175824,0.89644474,0.24587326,3.2091806,103.068634,-133.89673,29.2658,SDL
9866726707000,1.639937,-1.41217498711119,3.72058661314956,-4.45524313626374,0.92149025,0.46700647,3.3053918,103.66646,-134.63586,29.814014,SDL
9866732116000,1.645346,-1.33016572184764,4.06309599823058,-3.83776120659341,0.87781334,0.42760566,3.3206635,104.30491,-135.4063,30.33471,SDL
9866736723000,1.649953,-0.815237038183538,4.15729962600121,-3.23184362771181,0.75869465,0.23060162,3.2950072,104.95253,-136.16812,30.859379,SDL
9866741652000,1.654882,-0.197755573217348,4.2285477307909,-2.57161350123767,0.61850107,0.102319926,3.277292,105.611946,-136.91188,31.375187,SDL
9866746706000,1.659936,0.521542007784063,4.18814761278158,-2.35275066124839,0.559858,-0.15790866,3.2733214,106.35469,-137.56955,31.827396,SDL
9866751667000,1.664897,1.24761350445907,4.1221409588568,-2.24431143265853,0.44318274,-0.4156938,3.2837062,107.13816,-138.17769,32.240158,SDL
9866756717000,1.669947,2.01777388460622,4.0663810512464,-2.71134817558844,0.37720928,-0.62858033,3.2989779,107.953316,-138.75444,32.675274,SDL
9866761648000,1.674878,2.77754788865826,4.01479140033767,-3.31166336549806,0.34422258,-0.7816021,3.3093624,108.822716,-139.3056,33.06217,SDL
9866766701000,1.679931,3.34527567246596,3.99597680574887,-4.31729984931921,0.37598756,-0.8897252,3.304781,109.73671,-139.8369,33.425568,SDL
9866771706000,1.684936,3.84834324314486,3.98691262581316,-5.42314220039713,0.47678033,-0.870483,3.263853,110.63576,-140.35468,33.765907,SDL
9866776708000,1.689938,4.22058982126032,4.04493795058459,-6.34435632477648,0.61483586,-0.72692966,3.1969633,111.55707,-140.93819,34.113678,SDL
9866782895000,1.696125,4.60262893327029,4.15700286031637,-7.37331474164374,0.7330383,-0.32986724,3.0931163,112.36138,-141.50061,34.482243,SDL
9866786700000,1.69993,4.82652423951199,4.02294878255565,-7.63571505047089,0.7870999,-0.19517145,3.0616567,113.28442,-142.21616,34.84477,SDL
9866791714000,1.704944,5.10402617298801,3.52447293619435,-7.39418556202911,0.7724391,0.032986723,2.9739974,114.020615,-142.88278,35.24571,SDL
9866796711000,1.709941,5.54459108482702,3.1920379729654,-7.13659855652389,0.7305948,0.19058995,2.8478537,114.805405,-143.63339,35.635727,SDL
9866801764000,1.714994,6.17041333450577,3.03657901490115,-6.85756944078254,0.6792821,0.24648413,2.7656925,115.52747,-144.3414,36.018944,SDL
9866806901000,1.720131,6.77619391204272,2.90907033664045,-6.58798811558554,0.63804877,0.24862215,2.722321,116.19358,-145.06985,36.46274,SDL
9866811729000,1.724959,7.04309218984054,3.09256300713616,-6.47455638235803,0.5888741,0.16920967,2.679255,116.83495,-145.74435,36.8621,SDL
9866820686000,1.733916,7.55050041346443,3.45091636901776,-6.27636374427611,0.54153204,-0.13469578,2.6013696,117.59556,-146.54504,37.383423,SDL
9866821708000,1.734938,7.64084359335808,3.53929552884519,-6.28618362927661,0.52320606,-0.30268374,2.5702155,118.34148,-147.31879,37.89145,SDL
9866826716000,1.739946,8.08354285451992,3.9723707073342,-6.33430298747868,0.5537493,-0.73426,2.4853053,119.21162,-148.05368,38.284378,SDL
9866831693000,1.744923,8.34811470405863,3.99412258793687,-6.83035779227734,0.6844745,-1.183246,2.3924537,120.107086,-148.77354,38.607403,SDL
9866836707000,1.749937,8.16766299210823,2.97457222901165,-8.47246516779406,0.86437434,-1.2831224,2.281887,120.97975,-149.46577,38.87434,SDL
9866841694000,1.754924,8.29455818556308,2.06254126677792,-10.2082512590827,1.0616838,-1.1212431,2.200642,121.83745,-150.11896,39.08916,SDL
9866846714000,1.759944,10.1191101432249,1.70954996459426,-12.5233238022313,1.1365148,-0.16920967,1.9798143,122.44067,-150.71068,39.398037,SDL
9866851795000,1.765025,11.979924164972,1.33287322478211,-14.7866029807014,1.1414018,2.021353,1.7455474,122.898994,-151.5659,39.950188,SDL
9866856626000,1.769856,13.9144564615065,0.74723334505084,-16.001085704503,0.5983425,6.785491,1.4541647,122.441605,-152.24057,41.231506,SDL
9866861617000,1.774847,15.7913156183338,0.454536222638609,-17.1792649003555,-1.2425,9.963212,1.2996159,121.97625,-152.885,42.67997,SDL
9866866633000,1.779863,16.7191035503027,2.61937499565677,-17.7608625573172,-3.4119878,9.963212,2.2208006,121.40937,-153.50539,44.54978,SDL
9866871820000,1.78505,17.6487295098496,4.68500305684177,-17.7517926948104,-3.29348,9.963212,3.8322632,120.372375,-154.5448,47.29878,SDL
9866876630000,1.78986,18.1414748349926,4.45570538484431,-10.1752125342512,-1.3765849,8.772025,5.3630915,119.90162,-155.68077,49.835537,SDL
9866881623000,1.794853,18.3035145579877,3.70311488014593,-2.77054368208525,0.82802784,1.8353447,6.1996713,121.3593,-156.89944,51.089474,SDL
9866886664000,1.799894,16.3800488001152,-0.129912941993088,1.95701167111175,1.988061,-3.397327,6.1566052,123.00147,-158.37198,52.47202,SDL
9866891685000,1.804915,14.3373036123286,-3.83861088892225,6.35031707079956,2.0766363,-6.2274656,5.4260106,125.67163,-159.93636,53.371956,SDL
9866896626000,1.809856,10.7480109995997,-6.13045465295707,6.7480752347143,1.7058412,-7.2842627,4.428773,129.07286,-161.4444,53.298824,SDL
9866901698000,1.814928,7.18682557687156,-8.34951534542729,7.13368656916542,1.2846496,-7.014871,3.5081992,132.6732,-162.97005,53.02663,SDL
9866906661000,1.819891,5.15832182690655,-8.94334015562219,7.24295020129935,0.84788096,-5.9623504,2.727208,135.71037,-164.1616,52.478016,SDL
9866911680000,1.82491,3.21120068986147,-9.49247344418791,7.30400636287894,0.38515055,-5.128519,2.0708332,138.45746,-165.30963,51.77503,SDL
9866917120000,1.83035,2.54180481272837,-9.37742033838587,6.68690711373218,-0.0580322,-4.2048907,1.6557503,140.60875,-166.2466,51.259434,SDL
9866921639000,1.834869,2.03686466494804,-9.26005774180656,6.11835506266986,-0.37507126,-2.999043,1.4944818,142.42438,-167.11137,50.90095,SDL
9866926654000,1.839884,2.12804436029177,-8.85214902677858,4.77465456346922,-0.43585235,-1.8445076,1.4349225,143.92174,-167.87482,50.726013,SDL
9866931670000,1.8449,2.21982045815583,-8.38109271029522,3.44221597009529,-0.30757064,-0.9089675,1.4080443,145.22008,-168.59373,50.709915,SDL
9866936676000,1.849906,2.31835489744955,-7.15389079792601,2.25084479268498,-0.12644911,-0.55680364,1.416902,146.42363,-169.31142,50.8393,SDL
9866941650000,1.85488,2.41625947216928,-5.93453356418161,1.06708925204596,0.116675265,0.025045475,1.4227052,147.45328,-170.02856,51.154903,SDL
9866946651000,1.859881,2.19093691297259,-4.8434498856119,1.43040186160186,0.2565634,0.5112942,1.4251486,148.46411,-170.75992,51.533176,SDL
9866952266000,1.865496,1.91151757038165,-3.62942098657947,1.96515263946425,0.59589905,0.86620694,1.4138476,149.43712,-171.56526,52.025066,SDL
9866956695000,1.869925,1.63780118910718,-2.47862015778214,2.41617751045623,0.958753,1.0192287,1.4321736,150.18694,-172.19965,52.428562,SDL
9866961645000,1.874875,1.31700639539402,-1.13852576190788,2.92841439159572,1.2504412,0.9602802,1.46852,150.92874,-172.86469,52.854572,SDL
9866966694000,1.879924,1.09732856299446,-0.248124965354481,2.79309221477164,1.3790283,0.8530733,1.5137241,-19.44087,-173.4857,53.337975,SDL
9866971747000,1.884977,0.893885928415823,0.570269265908657,2.55728368127269,1.3732251,0.890947,1.5503759,-19.499384,-174.1277,53.83309,SDL
9866976789000,1.890019,0.810266280744923,1.00924793492037,2.03665031297716,1.2357804,1.0381655,1.5635096,-19.53062,-174.71045,54.38169,SDL
9866982930000,1.89616,0.745840116718631,1.42554009957024,1.31309504781326,0.9822713,1.3197744,1.5806139,-19.529377,-175.28105,54.977665,SDL
9866986768000,1.899998,0.651294989903622,1.58914210076437,0.698931868394816,0.4615087,1.4419475,1.5809193,-19.43021,-175.69562,55.528316,SDL
9866991718000,1.904948,0.47274436079096,1.69942329717514,-0.262090644067797,0.28588495,1.7831156,1.5396858,-19.361683,-176.11833,56.21944,SDL
9866996713000,1.909943,0.388235738644882,1.75417093762614,-1.18726166477655,-0.060170226,2.1908681,1.4504995,-19.14429,-176.37631,56.876507,SDL
9867001699000,1.914929,0.365290066014416,1.7725275159827,-2.08214314654493,-0.37568212,2.6279423,1.3374895,-18.90506,-176.5956,57.636196,SDL
9867006750000,1.91998,0.52797749083654,1.89013232288839,-3.04557966297347,-0.63316184,3.089451,1.1921035,-18.629875,-176.73782,58.391304,SDL
9867011715000,1.924945,0.850620045890217,2.09238587702046,-4.04240071168726,-0.8381071,3.5023959,1.0296134,-18.31182,-176.80913,59.25018,SDL
9867016683000,1.929913,1.27043192052564,2.37331441097382,-5.48670242275179,-0.9224065,3.8844922,0.88147855,-17.991192,-176.83585,60.09413,SDL
9867022386000,1.935616,1.84353856609787,2.76966854857311,-7.56488339677356,-0.9059132,4.32065,0.73914695,-17.668716,-176.81033,61.059216,SDL
9867026725000,1.939955,2.46520810596491,3.17059421895685,-9.25307224684685,-0.7641924,4.9336534,0.5729916,-17.388876,-176.73352,62.050648,SDL
9867031719000,1.944949,3.32694821403509,3.71031557131342,-11.2804292882883,-0.43982297,5.7656517,0.38026363,-17.18433,-176.64214,63.20984,SDL
9867036709000,1.949939,4.6217224640628,4.26459990868275,-12.4456673928777,0.022907447,6.240905,0.28771752,-17.086504,-176.54582,64.18671,SDL
9867041719000,1.954949,6.56461504418916,4.84333399627609,-12.3400257443998,0.4868596,7.1547594,0.32559118,-17.085962,-176.47473,65.502396,SDL
9867046715000,1.959945,8.57245708737647,5.13593750382531,-11.4617071628945,0.6630942,7.88963,0.5849035,-17.147419,-176.40894,66.62886,SDL
9867051689000,1.964919,10.7236514120816,4.81199273876315,-8.91570498399745,0.8741482,8.253706,1.0891727,-17.315117,-176.4776,67.90694,SDL
9867056678000,1.969908,12.1389995491828,3.99402063711738,-6.21181564644874,0.8713993,8.101906,1.7620409,-17.396994,-176.58957,69.375595,SDL
9867061715000,1.974945,12.5595027291233,2.49836823545319,-3.27785206109955,0.7501425,7.429954,2.4541512,-17.460957,-176.85388,70.80014,SDL
9867066694000,1.979924,12.4710310818988,1.09708355332524,-0.87453012962008,0.5552765,6.474255,3.0301971,-17.33282,-177.34311,72.53226,SDL
9867071831000,1.985061,11.6353657990445,-0.234757808622128,0.871413189345568,0.3747658,5.312084,3.4190128,-17.141386,-177.95073,73.9879,SDL
9867076709000,1.989939,10.8418335331766,-1.49944968395389,2.52932860883446,0.27855456,4.030794,3.4804046,-16.59838,-178.92848,75.41733,SDL
9867081709000,1.994939,11.4936216313239,-5.1222105580345,5.81098899463074,0.29352075,1.953547,2.5234842,-16.096792,-179.67099,76.19612,SDL
9867086763000,1.999993,12.5819210329521,-9.46602662194224,9.59189173370808,0.7315111,-1.0057896,0.118202426,-15.794928,-179.99588,76.30479,SDL
9867091980000,2.00521,13.7261707682508,-12.3756714973711,6.26994828456319,1.7214183,-2.282498,-2.5445592,-15.676153,179.74377,76.588486,SDL
9867096667000,2.009897,14.7609655856421,-14.4770308408493,0.932585458171891,2.7030787,-1.3362677,-4.085772,-15.785252,179.8384,76.68278,SDL
9867101701000,2.014931,15.0573505247938,-14.3302336043923,-2.53387868823313,3.0787609,0.0018325958,-4.518265,-15.968328,179.71504,77.116646,SDL
9867106684000,2.019914,15.0478658401073,-13.2916819239789,-5.12314549981119,3.0320296,1.1887437,-4.2030582,-16.374565,179.81702,77.75372,SDL
9867111712000,2.024942,14.6591796741138,-11.9654245016272,-6.51140326723547,2.742785,2.189341,-3.5677586,-17.165947,179.67918,78.08937,SDL
9867116692000,2.029922,14.1264199837277,-10.5433329157358,-7.40912455072566,2.3747387,2.8942795,-2.8884764,-17.898968,179.4926,78.669044,SDL
9867121717000,2.034947,13.5357953054774,-9.33045515068197,-7.53358188703183,1.9981402,3.1829133,-2.234545,-18.622341,179.30229,79.062,SDL
9867126722000,2.039952,12.8820368201451,-8.39651445735008,-6.69303515467634,1.6230689,3.0515773,-1.6459764,-19.196512,178.9956,79.519875,SDL
9867131711000,2.044941,12.3204244441294,-7.75026564544018,-4.46536132498838,1.2702943,2.5466971,-1.162782,-19.645193,178.76202,79.771774,SDL
9867136725000,2.049955,11.8160042514177,-7.2904845955192,-1.30046038755229,1.0030408,2.1777346,-0.7489208,-19.974802,178.41968,80.00197,SDL
9867141688000,2.054918,11.3354712432735,-6.93368322982063,0.659371714237668,0.88514376,1.3252722,-0.56688297,-20.206316,178.13272,80.04054,SDL
9867146714000,2.059944,10.8723077823244,-6.69535626363976,1.17649598088565,0.6969972,0.47433686,-0.24617869,-20.30899,177.72116,79.9368,SDL
9867151682000,2.064912,10.3570871816289,-6.48699892403815,1.37219268584895,0.56077427,-0.2434298,0.03481932,-20.267847,177.33603,80.08096,SDL
9867156724000,2.069954,9.7007796635975,-6.3388006001973,0.837619430253206,0.44990227,-0.82772243,0.2996294,-20.167131,176.88303,79.98386,SDL
9867161659000,2.074889,9.08807667239483,-6.26945654500962,0.274541260709376,0.38973203,-1.1878275,0.52931476,-20.093412,176.39134,79.84225,SDL
9867166691000,2.079921,8.49624018994593,-6.28270650985244,-0.343795197543763,0.33475417,-1.2754866,0.69058317,-19.98592,175.86012,79.57902,SDL
9867171782000,2.085012,8.00579414800822,-6.25294637393783,-0.819739037171074,0.3182608,-1.1731668,0.75319684,-19.923038,175.3187,79.187935,SDL
9867176762000,2.089992,7.76238447610526,-6.12966095655863,-0.958830301836018,0.30757064,-0.98532563,0.7626653,-19.845787,174.75893,78.77329,SDL
9867182896000,2.096126,7.46257023364486,-5.97780699065421,-1.13015275514019,0.3115413,-0.79320854,0.743423,-19.816074,174.19084,78.27784,SDL
9867186689000,2.099919,7.29129030925748,-5.81164957871525,-1.15722252486417,0.31978795,-0.6178902,0.7275405,-19.787441,173.62794,77.81693,SDL
9867191722000,2.104952,7.09616893640141,-5.42654208005753,-1.01344898470757,0.29810223,-0.49327368,0.7067711,-19.756374,173.08176,77.38815,SDL
9867196701000,2.109931,6.94009788993788,-5.06616797743151,-0.893469535716468,0.28405234,-0.41813725,0.6560693,-19.76377,172.57266,76.97578,SDL
9867201691000,2.114921,6.83789273941338,-4.73521734427131,-0.805865001191567,0.2611449,-0.35063666,0.58062744,-19.768444,172.08566,76.59463,SDL
9867206667000,2.119897,6.74000097460132,-4.44399943407235,-0.718208329871645,0.22021692,-0.28924468,0.50701815,-19.78567,171.66318,76.28075,SDL
9867211735000,2.124965,6.64561105157526,-4.19858582147025,-0.628537994165694,0.18295415,-0.23426682,0.40378192,-19.807375,171.27753,75.99685,SDL
9867216695000,2.129925,6.57797232894581,-3.98887097235179,-0.588584972436604,0.14508049,-0.19761491,0.31398472,-19.844597,170.95824,75.77592,SDL
9867221763000,2.134993,6.5491582280553,-3.82421921287423,-0.625631661300992,0.10842858,-0.15363261,0.204029,-19.882729,170.68031,75.59024,SDL
9867226944000,2.140174,6.50094604804667,-3.64440293171358,-0.677487103938778,0.08277224,-0.09560041,0.09896017,-19.936653,170.46027,75.46685,SDL
9867231716000,2.144946,6.23191807420529,-3.3411350023547,-0.892709513657283,0.06811147,-0.006414085,0.00580322,-19.99198,170.27248,75.377235,SDL
9867236692000,2.149922,5.94957763856691,-3.03291756849315,-1.09710998072612,0.089186326,0.03634648,-0.029626964,-20.072197,170.12567,75.316414,SDL
9867241773000,2.155003,5.65125172961012,-2.76255964657534,-1.19499810571894,0.094989546,0.11759156,-0.0983493,-20.153473,170.01811,75.305664,SDL
9867246744000,2.159974,5.36151676776951,-2.50758160954946,-1.27503254909806,0.10262536,0.1704314,-0.17012598,-20.262068,169.95987,75.30156,SDL
9867251704000,2.164934,5.09755487121484,-2.36544832956314,-1.16944781591861,0.12339478,0.18448131,-0.25442538,-20.380726,169.92424,75.320694,SDL
9867256665000,2.169895,4.83353975653586,-2.22328639367359,-1.06384179549457,0.16035213,0.19394971,-0.3549127,-20.562017,169.95451,75.39177,SDL
9867261726000,2.174956,4.78983215451081,-2.22707513764885,-0.789670969602744,0.1863139,0.15027285,-0.47555858,-20.749826,170.01208,75.47184,SDL
9867266692000,2.179922,4.83060818535772,-2.28597373322854,-0.458932218839669,0.20952678,0.056199603,-0.6206391,-20.951912,170.1007,75.56399,SDL
9867271714000,2.184944,4.98918798139535,-2.46327764489555,-0.16499135782026,0.22907446,-0.10140363,-0.7626653,-21.173239,170.24185,75.67981,SDL
9867277258000,2.190488,5.24032151162791,-2.73533901028774,0.133229727769019,0.23976462,-0.29168814,-0.9419542,-21.406338,170.42867,75.79859,SDL
9867281693000,2.194923,5.43840330002836,-3.04459618056527,0.262203900047263,0.24037547,-0.46089783,-1.1389582,-21.625425,170.64488,75.94972,SDL
9867286778000,2.200008,5.66396388288118,-3.44968456543152,0.349666154801966,0.20341812,-0.57604593,-1.3744467,-21.848124,170.91782,76.10634,SDL
9867291715000,2.204945,5.90549514582967,-3.88450079593942,0.35677598893547,0.14202617,-0.62980205,-1.6450601,-22.062517,171.22281,76.29772,SDL
9867296709000,2.209939,6.17318121878841,-4.36738535513608,0.283293537427568,0.048258353,-0.6261369,-1.9385809,-22.2712,171.59653,76.51413,SDL
9867301699000,2.214929,6.3671722034757,-4.72211936310353,0.209202072651037,-0.060170226,-0.5571091,-2.2492058,-22.466873,171.99403,76.75329,SDL
9867306753000,2.219983,6.52587758086728,-5.01572448942536,0.133817009689811,-0.18173242,-0.4279111,-2.5653286,-22.648024,172.4715,77.044624,SDL
9867311772000,2.225002,6.69193765370895,-5.24992190801244,0.0776515836354157,-0.30390546,-0.29229903,-2.8435776,-22.816967,172.96364,77.340065,SDL
9867316681000,2.229911,6.88114002368975,-5.29722247805726,0.0819516422336047,-0.43096542,-0.17531833,-3.0925052,-22.962729,173.53085,77.68706,SDL
9867321890000,2.23512,7.09517716187679,-5.33179443401874,0.0774941265695459,-0.5412266,-0.09162979,-3.275765,-23.093216,174.10597,78.028244,SDL
9867326722000,2.239952,7.45520911360749,-5.17382121661639,-0.0363935393815497,-0.6243043,-0.09162979,-3.375336,-23.1335477407711,174.415823486464,78.2210681509434,SDL
9867331642000,2.244872,7.82179793863131,-5.01297100353287,-0.152355318454271,-0.7122689,0.06383542,-3.4046574,-23.174614,174.73132,78.417404,SDL
9867336717000,2.249947,8.51234510432351,-4.76602184329963,-0.317808265164552,-0.74189585,0.20647246,-3.395189,-23.255896,175.34874,78.80827,SDL
9867341723000,2.254953,9.48684984749408,-4.4463431950527,-0.524052606285223,-0.7892379,0.3454443,-3.3310483,-23.27811,175.98112,79.21778,SDL
9867347373000,2.260603,11.0444212259215,-3.90260388610781,-0.935553051383274,-0.7706065,0.636827,-3.0763173,-23.29179,176.58116,79.662224,SDL
9867351694000,2.264924,12.3852568121284,-3.42695576742965,-1.3086907371304,-0.66737026,0.766025,-2.9364293,-23.308346,177.17796,80.07575,SDL
9867356715000,2.269945,14.0107518371719,-2.58469473512019,-1.78659598243991,-0.6053675,1.0311406,-2.5344799,-23.27995,177.66049,80.55679,SDL
9867361717000,2.274947,15.6680679230615,-1.58259647990546,-2.28764511004727,-0.44593164,1.3451253,-1.9727893,-23.28307,178.03499,81.044914,SDL
9867366683000,2.279913,16.7465663828598,-0.432042777244318,-2.34982372135417,-0.23640485,1.6145169,-1.2415836,-23.303368,178.33284,81.54426,SDL
9867371727000,2.284957,17.5333592127841,0.821336340596591,-2.1759974984375,-0.012217305,1.6982054,-0.38881573,-23.334614,178.42169,82.01981,SDL
9867376711000,2.289941,17.0845724504433,1.24416730320656,-1.8404857510195,0.20066923,1.5076154,0.41325033,-23.398539,178.45992,82.44287,SDL
9867383011000,2.296241,15.2071618387411,0.907196148153369,-1.24142584410461,0.38087448,1.2611313,0.9282097,-23.491137,178.33336,82.815056,SDL
9867386675000,2.299905,14.2044906053881,0.799220367633328,-1.07841821198081,0.5635232,1.0662653,0.9324858,-23.577671,178.30367,83.22839,SDL
9867391721000,2.304951,13.0257836442245,0.849943406808617,-1.27406424508922,0.605062,0.9138544,0.80756384,-23.662495,178.16872,83.53205,SDL
9867396700000,2.30993,11.8627273700205,0.899992953390813,-1.46711252072275,0.66706485,0.8350528,0.659429,-23.821852,178.05093,83.82184,SDL
9867401697000,2.314927,10.6954664336482,0.950223438281601,-1.66085870134953,0.6948592,0.82558435,0.5152648,-23.985218,177.97134,84.081116,SDL
9867406652000,2.319882,9.61084247749541,1.05263161505409,-1.79514204828536,0.7031059,0.8518516,0.43066,-24.174774,177.938,84.3263,SDL
9867411710000,2.32494,8.70118069090631,1.29982229043682,-1.77536675502143,0.68630713,0.8875872,0.38087448,-24.36418,177.93517,84.56942,SDL
9867417093000,2.330323,7.91193973779697,1.50933366669546,-1.67396786660907,0.6582073,0.91965765,0.34483343,-24.614466,177.96712,84.73388,SDL
9867421732000,2.334962,7.49293968030958,1.61168483546436,-1.46926552907127,0.63163465,0.91721416,0.31245756,-24.855421,178.01126,84.89691,SDL
9867426646000,2.339876,7.04910129218862,1.72010338328294,-1.25242843343413,0.59712076,0.8173377,0.28008172,-25.092722,178.10416,85.04708,SDL
9867431716000,2.344946,6.66234673908261,1.84650964076559,-0.801107093618194,0.58246,0.7284568,0.22999077,-25.323978,178.2097,85.198494,SDL
9867436807000,2.350037,6.33520056869431,1.98594905634144,-0.152177575057309,0.5687156,0.4783075,0.20738874,-25.540524,178.31502,85.27463,SDL
9867441722000,2.354952,6.27306768645293,2.10482802147887,0.449598801188102,0.5742133,0.105374254,0.15027285,-25.746048,178.46231,85.34932,SDL
9867446707000,2.359937,6.29960971661416,2.2198437318662,1.05121965720228,0.59315014,-0.3726278,0.082161374,-25.947897,178.61702,85.32261,SDL
9867451702000,2.364932,6.39146102622854,2.35004848215907,1.50485149480955,0.61911196,-0.9282097,-0.004581489,-26.121996,178.83061,85.26596,SDL
9867456699000,2.369929,6.53312849100059,2.49171604554964,1.84485360749951,0.65026605,-1.5378532,-0.09254608,-26.299692,179.05891,85.0527,SDL
9867461714000,2.374944,6.72946563991849,2.59984924240248,2.02423366702891,0.6774496,-2.1071796,-0.18600847,-26.444666,179.35387,84.797295,SDL
9867466685000,2.379915,6.96966820899476,2.6783770062973,2.06580726002329,0.68875057,-2.626415,-0.30176744,-26.59102,179.6717,84.371056,SDL
9867471717000,2.384947,7.3659996526443,2.75234930296162,2.00407931109096,0.66431594,-3.0320296,-0.42455134,-26.708551,-179.96696,83.87342,SDL
9867476711000,2.389941,7.92486754260099,2.81979899037977,1.83063744458547,0.59559363,-3.3267722,-0.5723807,-26.815695,-179.57419,83.25107,SDL
9867481707000,2.394937,8.53226744680045,2.92335932847406,1.48974643203332,0.49021935,-3.4895678,-0.73364913,-26.913694,-179.12254,82.55825,SDL
9867486796000,2.400026,9.20121659314654,3.06637593288527,0.96842785574593,0.3484986,-3.4953709,-0.88208944,-26.98145,-178.64183,81.82412,SDL
9867491709000,2.404939,9.87718470883553,3.27575787344595,0.450749792863244,0.17959438,-3.3347135,-1.0073168,-27.042553,-178.09532,81.06998,SDL
9867496705000,2.409935,10.6127834781247,3.60269081257474,-0.0986791788934233,-0.037873644,-3.0509665,-1.0821478,-27.047674,-177.53223,80.352806,SDL
9867501692000,2.414922,11.3326771778358,3.97207906693459,-0.603678482362102,-0.27275133,-2.6902506,-1.0821478,-27.035038,-176.94684,79.63454,SDL
9867506698000,2.419928,12.0166613476339,4.4585746506179,-0.993838341510098,-0.5140431,-2.307238,-1.0048733,-26.954422,-176.37253,79.01343,SDL
9867511647000,2.424877,12.5995948877356,4.89984203156111,-1.32605606030502,-0.73426,-1.8973475,-0.86834496,-26.818424,-175.7975,78.43317,SDL
9867516715000,2.429945,12.9439982832027,5.24424596377886,-1.52138961938149,-0.9068295,-1.4957036,-0.6899723,-26.621878,-175.26445,77.97434,SDL
9867521747000,2.434977,13.0789617160494,5.3186747037037,-1.63952561358025,-1.0528263,-1.1539245,-0.5161811,-26.346746,-174.72441,77.565865,SDL
9867526730000,2.43996,12.9059574829512,4.99604449514991,-1.64420141158142,-1.1523973,-0.8756753,-0.40561453,-26.034756,-174.22668,77.26035,SDL
9867531644000,2.444874,12.7209266719095,4.6018334749976,-1.62055784396279,-1.1447614,-0.7666359,-0.37995818,-25.697212,-173.73386,76.97721,SDL
9867536706000,2.449936,12.5024115841565,4.04857192458042,-1.54152049348806,-1.1166617,-0.5885687,-0.3463606,-25.339006,-173.28575,76.79356,SDL
9867541645000,2.454875,12.3410902971895,3.54066122277154,-1.50716335935442,-1.0118983,-0.45020768,-0.29535335,-25.03906,-172.89894,76.63668,SDL
9867546708000,2.459938,12.3275980432242,3.11340023658288,-1.59711306537427,-0.8393288,-0.31642818,-0.20647246,-24.768625,-172.5514,76.530655,SDL
9867551713000,2.464943,12.3190009970338,2.69378887069409,-1.69368963314218,-0.6178902,-0.1459968,-0.073303826,-24.589933,-172.31569,76.52307,SDL
9867556723000,2.469953,12.3474644743919,2.29530132699229,-1.85023831279415,-0.35918877,0.03390302,0.08032878,-24.468586,-172.13193,76.56384,SDL
9867561716000,2.474946,12.3706381173853,1.90162124544106,-2.00019924202927,-0.063224554,0.22479841,0.2284636,-24.451134,-172.05643,76.67264,SDL
9867566807000,2.480037,12.3417087314082,1.53518338010285,-2.09180874612342,0.23396139,0.4288274,0.37782016,-24.501585,-172.04132,76.84556,SDL
9867571744000,2.484974,12.2984071154664,1.18768268066697,-2.16823669278335,0.5045747,0.6398814,0.50671273,-24.647327,-172.11299,77.06373,SDL
9867576722000,2.489952,12.066631374962,0.934178106297478,-2.09218530156487,0.75808376,0.8509353,0.6072,-24.86603,-172.23021,77.338974,SDL
9867582977000,2.496207,11.7753984989365,0.615642326329383,-1.99662454381647,0.9669997,1.0549643,0.70554936,-25.165527,-172.43535,77.68021,SDL
9867586712000,2.499942,11.5946934302853,0.570102607447038,-1.88719195682015,1.1047498,1.2556335,0.786489,-25.50922,-172.66484,78.06811,SDL
9867591723000,2.504953,11.3457211478599,0.647906398313878,-1.69008899468223,1.1655309,1.4150693,0.86559606,-25.88161,-172.91867,78.49321,SDL
9867596712000,2.509942,11.0826956877348,0.764137096487603,-1.46947409565177,1.1713341,1.5482379,0.93309665,-26.250385,-173.20523,78.94354,SDL
9867602382000,2.515612,10.7716204670361,0.927324148140496,-1.19919555799211,1.1163563,1.6432275,0.9801333,-26.610884,-173.49724,79.41354,SDL
9867606688000,2.519918,10.4863198451465,1.07162299265226,-0.989211894407608,1.022283,1.6936239,1.0115929,-26.932077,-173.77242,79.895485,SDL
9867611714000,2.524944,10.1011356044481,1.26171397022449,-0.739092199996882,0.8717047,1.6701056,1.0048733,-27.215065,-174.03491,80.36507,SDL
9867616693000,2.529923,9.72784233884297,1.41987375100354,-0.555432172451791,0.68325275,1.6194037,0.97005403,-27.426847,-174.24681,80.81943,SDL
9867621846000,2.535076,9.34912877892562,1.55582214991145,-0.424339036205234,0.4999932,1.5265522,0.9147707,-27.592833,-174.43732,81.23669,SDL
9867626751000,2.539981,9.0150609835406,1.67165365424287,-0.357271991876372,0.3295618,1.4037683,0.84604836,-27.68258,-174.57198,81.61681,SDL
9867631711000,2.544941,8.70232608961229,1.77589864912217,-0.344241369784199,0.1863139,1.3249667,0.8051204,-27.724903,-174.68808,81.965614,SDL
9867636842000,2.550072,8.38874643131609,1.87535654436185,-0.377427059976966,0.11728613,1.1722504,0.73273283,-27.713844,-174.72882,82.21189,SDL
9867641700000,2.55493,8.11109207246362,1.95329456092556,-0.499205212765156,0.022907447,1.0155635,0.65393126,-27.65331,-174.74821,82.419586,SDL
9867646659000,2.559889,7.87711426781638,2.01110003832397,-0.615980659322092,-0.043982297,0.8558222,0.5748242,-27.576345,-174.72748,82.55936,SDL
9867651688000,2.564918,7.71714919582695,2.03571001645376,-0.722623966411174,-0.0720821,0.6722572,0.48655418,-27.483532,-174.67934,82.63737,SDL
9867656832000,2.570062,7.55976299631038,2.06005705625713,-0.826040544613922,-0.058948494,0.50976706,0.41172317,-27.376492,-174.60446,82.645935,SDL
9867661717000,2.574947,7.48413496483454,2.07340328875998,-0.85718158345949,-0.028710667,0.33933565,0.33353242,-27.26771,-174.50414,82.59651,SDL
9867667377000,2.580607,7.4002468068591,2.0836193172335,-0.894767736501858,0.0015271631,0.14294247,0.27000242,-27.173563,-174.38586,82.483635,SDL
9867672399000,2.585629,7.3681745169477,2.03321990883109,-0.945167068356673,0.040927973,-0.03634648,0.19456059,-27.092741,-174.24554,82.3253,SDL
9867676650000,2.58988,7.34102610905973,1.99055804401258,-0.987828868379537,0.06841691,-0.20738874,0.12156218,-27.021729,-174.08975,82.117775,SDL
9867681712000,2.594942,7.37965540163331,1.91666685941847,-1.06537186218254,0.083383106,-0.35827246,0.043982297,-26.96093,-173.91602,81.8691,SDL
9867686684000,2.599914,7.43093335148524,1.83974989002064,-1.14656203868797,0.08582657,-0.46822822,-0.0290161,-26.907074,-173.72807,81.58849,SDL
9867691714000,2.604944,7.52405267441001,1.73671942558999,-1.24513625830084,0.064446285,-0.5543602,-0.08979719,-26.858892,-173.54251,81.28619,SDL
9867696711000,2.609941,7.64189871071209,1.61887338928791,-1.35316174885081,0.03940081,-0.6105598,-0.15851954,-26.813894,-173.33972,80.96029,SDL
9867701691000,2.614921,7.77585707673618,1.50277590682368,-1.43626608499348,0.004886922,-0.6560693,-0.22632557,-26.782808,-173.14511,80.62717,SDL
9867706725000,2.619955,7.91947167939862,1.38608903337367,-1.50807345661888,-0.030543262,-0.6731735,-0.28160888,-26.747887,-172.94019,80.28673,SDL
9867711724000,2.624954,8.05520195934873,1.28006718560247,-1.57107112204078,-0.06047566,-0.6774496,-0.3436117,-26.726748,-172.74414,79.94447,SDL
9867716695000,2.629925,8.18400427274133,1.18346531846555,-1.62627213408059,-0.093767814,-0.67347896,-0.39767328,-26.698357,-172.54016,79.60104,SDL
9867721808000,2.635038,8.32729997877984,1.07719516193634,-1.69043089809019,-0.09407325,-0.64476824,-0.44929138,-26.695135,-172.35808,79.28237,SDL
9867726721000,2.639951,8.47706437824934,0.967368239734748,-1.76032076004244,-0.1001819,-0.63346726,-0.49418998,-26.684437,-172.16792,78.961395,SDL
9867731712000,2.644942,8.61910034364394,0.874476761063706,-1.79350387926888,-0.10293079,-0.5867361,-0.51159966,-26.686996,-172.0083,78.67848,SDL
9867736700000,2.64993,8.75342617279162,0.79573390437797,-1.7981358077475,-0.10842858,-0.54458636,-0.5354234,-26.69053,-171.84024,78.39587,SDL
9867742144000,2.655374,8.89248683175476,0.707439156301049,-1.76287079731134,-0.11362094,-0.516792,-0.57360244,-26.715363,-171.69547,78.14041,SDL
9867746707000,2.659937,9.00374800499032,0.631781530618189,-1.70501494075771,-0.1142318,-0.49632803,-0.57635134,-26.741444,-171.55963,77.902306,SDL
9867751683000,2.664913,9.1585320023088,0.546797445206349,-1.60178659022607,-0.12675454,-0.47525316,-0.5815437,-26.76873,-171.4294,77.677956,SDL
9867756691000,2.669921,9.34308511284271,0.459134869460317,-1.46337202229918,-0.1591304,-0.46944994,-0.57787853,-26.791382,-171.30519,77.463036,SDL
9867761716000,2.674946,9.49172922137315,0.415722460438514,-1.40300952509111,-0.1853976,-0.47158796,-0.56291234,-26.824818,-171.20448,77.289215,SDL
9867766692000,2.679922,9.59677453526922,0.424126091400188,-1.43382283179226,-0.22021692,-0.47769663,-0.550695,-26.847235,-171.10634,77.12154,SDL
9867771783000,2.685013,9.70424754432165,0.43272393810957,-1.46534826274395,-0.2501493,-0.4801401,-0.5299256,-26.851364,-171.02707,76.989075,SDL
9867776735000,2.689965,9.80878620879379,0.441087037089114,-1.4960129522102,-0.26633725,-0.47311515,-0.50732356,-26.849924,-170.95386,76.864456,SDL
9867782920000,2.69615,9.93935398742065,0.4515324666506,-1.53431285211909,-0.2773328,-0.46578476,-0.49266282,-26.842606,-170.894,76.754906,SDL
9867786697000,2.699927,10.0190879405126,0.457911187338349,-1.55770148946038,-0.26725355,-0.43768495,-0.46028697,-26.836597,-170.84789,76.66253,SDL
9867791707000,2.704937,10.1248510077592,0.466372238608041,-1.5887253372443,-0.2593123,-0.39370266,-0.4343252,-26.827543,-170.8054,76.579765,SDL
9867796706000,2.709936,10.2128817462195,0.489568166840106,-1.61963135155164,-0.24007004,-0.3539964,-0.41141775,-26.824654,-170.77377,76.510414,SDL
9867801714000,2.714944,10.2919398079983,0.520503874590411,-1.65056706648033,-0.21044308,-0.2950479,-0.37293324,-26.826548,-170.75598,76.4645,SDL
9867807593000,2.720823,10.3855223373621,0.558605970056052,-1.68403509541951,-0.1863139,-0.24373524,-0.33505958,-26.838892,-170.75122,76.42888,SDL
9867811768000,2.724998,10.4660627603784,0.618135992608163,-1.65602094780172,-0.17715092,-0.20005837,-0.2968805,-26.854559,-170.75827,76.41229,SDL
9867816705000,2.729935,10.5613030162901,0.688531135444036,-1.62289379887021,-0.16432275,-0.16523905,-0.25717425,-26.878252,-170.77527,76.40856,SDL
9867821712000,2.734942,10.5901740460948,0.750249816395014,-1.61819072540748,-0.16646078,-0.1301143,-0.21838433,-26.899145,-170.80188,76.42092,SDL
9867826700000,2.73993,10.5707974006195,0.804857177852349,-1.63404448322148,-0.1994475,-0.110872045,-0.19730948,-26.914093,-170.83278,76.44066,SDL
9867831668000,2.744898,10.5514984481894,0.859245584372004,-1.64983467344199,-0.204029,-0.092240654,-0.15668693,-26.924194,-170.85767,76.466896,SDL
9867836736000,2.749966,10.5318110305332,0.914728765580057,-1.66594270162991,-0.22388211,-0.059864793,-0.12064589,-26.920069,-170.88403,76.50226,SDL
9867841696000,2.754926,10.5125431553212,0.96902959012464,-1.68170746481304,-0.25167647,-0.03604105,-0.089491755,-26.911457,-170.91872,76.5453,SDL
9867846678000,2.759908,10.4828277170856,1.02692378770771,-1.70687708770771,-0.25320363,-0.014660766,-0.065973446,-26.904018,-170.96027,76.59841,SDL
9867851697000,2.764927,10.3957885911802,1.10372288122071,-1.78367618122071,-0.24953845,0.026267206,-0.033292156,-26.88927,-171.0104,76.66644,SDL
9867856703000,2.769933,10.3125266514658,1.1697663782329,-1.85740061497557,-0.24251351,0.052839845,-0.0036651916,-26.871916,-171.03415,76.710495,SDL
9867861708000,2.774938,10.2383646156352,1.20879889781759,-1.92375586973941,-0.22479841,0.09743301,0.0143553335,-26.858297,-171.06354,76.76944,SDL
9867866695000,2.779925,10.1644692964169,1.24769104070847,-1.98987248422638,-0.18936823,0.13041973,0.03023783,-26.855503,-171.0831,76.81093,SDL
9867871709000,2.784939,10.0718673651711,1.23467477052706,-1.97172221617344,-0.14996742,0.15363261,0.043982297,-26.8664155295681,-171.107740228571,76.8573499784718,SDL
9867881745000,2.794975,9.87870499809074,1.18638412833241,-1.89928627809375,-0.1160644,0.13500121,0.058948494,-26.888258,-171.15706,76.950264,SDL
9867886667000,2.799897,9.78397152152942,1.16270073446214,-1.86376119965332,-0.10476339,0.10293079,0.06872234,-26.915844,-171.18503,76.98681,SDL
9867891695000,2.804925,9.76436343839937,1.1667525985413,-1.84596206451804,-0.10262536,0.07422013,0.06963864,-26.94553,-171.21408,77.01726,SDL
9867896656000,2.809886,9.75968065730337,1.17611801404494,-1.83191401460674,-0.112399206,0.021685716,0.07513642,-26.974247,-171.24622,77.03752,SDL
9867901659000,2.814889,9.7870863782595,1.19413027673055,-1.84535307673055,-0.1282817,-0.00580322,0.06291912,-26.995949,-171.26582,77.05267,SDL
9867906587000,2.819817,9.82168301288093,1.21389966426851,-1.86512246426851,-0.14049901,-0.03970624,0.063224554,-27.015255,-171.28955,77.058304,SDL
9867911641000,2.824871,9.83855227754048,1.23750192505215,-1.93546910453958,-0.15882497,-0.07452556,0.061086524,-27.012722,-171.29367,77.03568,SDL
9867916592000,2.829822,9.8526818325221,1.26105151122479,-2.01082782947253,-0.15241088,-0.08368854,0.057726767,-27.014076,-171.29805,77.011765,SDL
9867921658000,2.834888,9.82606261259615,1.28854280724038,-2.06544743701923,-0.14569137,-0.07819075,0.057726767,-27.011353,-171.30064,76.98257,SDL
9867926576000,2.839806,9.79436184663462,1.31571518283654,-2.11526346682692,-0.14813483,-0.07391469,0.059253927,-27.008259,-171.30263,76.9518,SDL
9867931651000,2.844881,9.70774392147943,1.34058820933544,-2.15263553306962,-0.13622294,-0.06811147,0.057726767,-27.010723,-171.30127,76.90661,SDL
9867936609000,2.849839,9.60913649920886,1.36406614367089,-2.18550464113924,-0.10903945,-0.03726278,0.058337633,-27.017176,-171.30174,76.869705,SDL
9867941631000,2.854861,9.52548187209183,1.38851532987599,-2.16644415381777,-0.08032878,-0.0067195175,0.064446285,-27.032297,-171.302,76.828224,SDL
9867946600000,2.85983,9.44744611304704,1.41290152367531,-2.13230355379727,-0.04917465,0.008857546,0.07513642,-27.055883,-171.30545,76.79231,SDL
9867951653000,2.864883,9.39131391716997,1.42497491544435,-2.04236911377624,-0.025045475,0.0030543262,0.0729984,-27.084831,-171.30243,76.74545,SDL
9867956643000,2.869873,9.34091879206212,1.43413760023008,-1.94157895923689,0.009468411,0.004886922,0.06383542,-27.125452,-171.30278,76.70531,SDL
9867961673000,2.874903,9.31827642731395,1.43016545078688,-1.84227213608962,0.038179077,-0.016493361,0.05009095,-27.166843,-171.29477,76.65582,SDL
9867966637000,2.879867,9.30559565164044,1.42171182101894,-1.74505479791945,0.052534413,-0.05131268,0.040317107,-27.213863,-171.28685,76.603935,SDL
9867971690000,2.88492,9.32850578262811,1.39864155097689,-1.63089158611142,0.061391957,-0.09162979,0.025961773,-27.255814,-171.27032,76.55283,SDL
9867976671000,2.889901,9.38708883789215,1.36136179394887,-1.50307535574411,0.076052725,-0.15057829,0.013744468,-27.303421,-171.25352,76.49,SDL
9867982673000,2.895903,9.48025030561492,1.30399196172528,-1.43997619549252,0.06811147,-0.18875736,0.015271631,-27.334436,-171.22726,76.428406,SDL
9867986687000,2.899917,9.54746823333981,1.26291420491548,-1.41757012859918,0.047036625,-0.22327125,0.01160644,-27.3662,-171.19748,76.35352,SDL
9867991693000,2.904923,9.65329916298478,1.23274615392243,-1.41390993693667,0.028405234,-0.22968534,0.008552114,-27.379915,-171.1761,76.2977,LYI
9867997144000,2.910374,9.78143646489936,1.2122441856161,-1.4241610281296,-0.011911872,-0.21166481,0.019547688,-27.381271,-171.15636,76.243515,LYI
9868001693000,2.914923,9.86409078767123,1.22075529325606,-1.46354604246575,-0.04428773,-0.1908954,0.029321533,-27.371841,-171.14369,76.195496,LYI
9868006692000,2.919922,9.94205464383562,1.24368585327139,-1.5231654985056,-0.054061573,-0.13347405,0.046731193,-27.357288,-171.13586,76.16449,LYI
9868011714000,2.924944,10.001891010054,1.26980068018207,-1.60477906433573,-0.07147124,-0.062308256,0.058948494,-27.33258,-171.13184,76.146706,LYI
9868016683000,2.929913,10.0447367046819,1.29836442689076,-1.70475205354142,-0.06719518,0.028710667,0.07544186,-27.311108,-171.1346,76.15061,LYI
9868021712000,2.934942,10.0505362619713,1.34629389500915,-1.77458715592061,-0.06047566,0.07727446,0.0888809,-27.280602,-171.14084,76.15377,LYI
9868026728000,2.939958,10.0227663057135,1.41109028240678,-1.81624199365064,-0.03726278,0.17806722,0.0870483,-27.25638,-171.14813,76.18827,LYI
9868031746000,2.944976,9.97501743792593,1.46792829751111,-1.83219778758519,-0.015882496,0.25870144,0.096516706,-27.24397,-171.16776,76.228264,LYI
9868036713000,2.949943,9.90454637777778,1.51490905333333,-1.81810357555556,0.020158553,0.32620203,0.1020145,-27.24248,-171.18701,76.285034,LYI
9868041672000,2.954902,9.82722064164384,1.55108857032877,-1.7749706210411,0.051618114,0.3753767,0.10048734,-27.246626,-171.19989,76.34499,LYI
9868046707000,2.959937,9.73914906538813,1.57310641841096,-1.6913025316347,0.07574729,0.3848451,0.10140363,-27.258205,-171.21584,76.410286,LYI
9868051700000,2.96493,9.64861921772405,1.59353239609583,-1.61166627041925,0.087964594,0.38331795,0.08979719,-27.271395,-171.22093,76.47562,LYI
9868056691000,2.969921,9.54789191415262,1.60943672466726,-1.54274745791925,0.09040806,0.35888332,0.074830994,-27.287973,-171.22563,76.5351,LYI
9868061639000,2.974869,9.46481383567429,1.61649551972301,-1.48172599622827,0.084910266,0.30726522,0.057726767,-27.30049,-171.20525,76.577034,LYI
9868067256000,2.980486,9.39612627310677,1.61121186530793,-1.42360574249091,0.06536258,0.24740042,0.047036625,-27.309076,-171.18243,76.60858,LYI
9868071669000,2.984899,9.37142271722123,1.60713510041474,-1.38406652178339,0.03848451,0.16829337,0.026572637,-27.309652,-171.14699,76.62265,LYI
9868076728000,2.989958,9.38512312249034,1.60256831455368,-1.34753228258083,0.026572637,0.08552113,0.016798794,-27.308325,-171.1123,76.62244,LYI
9868081663000,2.994893,9.40649932542772,1.58884049494885,-1.31693884549652,0.016798794,-0.0018325958,-0.0070249503,-27.299791,-171.06331,76.60112,LYI
9868086726000,2.999956,9.45039118602335,1.54933777458133,-1.29938200959537,-0.00061086525,-0.106595986,-0.0125227375,-27.285227,-171.01715,76.56082,LYI
9868091787000,3.005017,9.49809912386441,1.50919691353912,-1.28132275882583,0.016798794,-0.18784106,-0.0106901415,-27.273886,-170.9688,76.50975,LYI
9868096710000,3.00994,9.58560368154733,1.46314188064863,-1.25829526642571,0.013744468,-0.26542094,-0.018325957,-27.252401,-170.91602,76.436455,LYI
9868101960000,3.01519,9.67775180889033,1.41366976998702,-1.23503832738481,0.022907447,-0.30726522,-0.015577064,-27.234728,-170.87872,76.36576,LYI
9868106759000,3.019989,9.7473414611724,1.36396274944841,-1.23006763052131,0.030848695,-0.3381139,-0.0067195175,-27.216518,-170.84224,76.28342,LYI
9868111687000,3.024917,9.81201970407188,1.31699681596253,-1.22889968401835,0.046120327,-0.35216382,0.0033597588,-27.208769,-170.8157,76.21047,LYI
9868116707000,3.029937,9.84418666641178,1.28942525048748,-1.2472806956796,0.0421497,-0.32528573,0.012217305,-27.198135,-170.79189,76.14374,LYI
9868121831000,3.035061,9.8726441852861,1.25735384059946,-1.26152901771117,0.03573562,-0.30298916,0.013439035,-27.19322,-170.77692,76.081,LYI
9868126716000,3.039946,9.86283834898344,1.1936171845001,-1.2370149389017,0.03756821,-0.27885997,0.018325957,-27.189653,-170.7663,76.02871,LYI
9868131688000,3.044918,9.84978586194953,1.13330917130134,-1.21071501662543,0.0421497,-0.24709499,0.028405234,-27.190548,-170.76758,75.9925,LYI
9868136926000,3.050156,9.82000053607125,1.09359554169223,-1.17596553888174,0.03145956,-0.21105394,0.042455133,-27.187696,-170.77081,75.965256,LYI
9868141694000,3.054924,9.7945468865693,1.06492019496461,-1.13848075527283,0.02321288,-0.15974127,0.03848451,-27.19358,-170.7782,75.95501,LYI
9868146700000,3.05993,9.77736519657737,1.07780652973748,-1.06545814670728,0.008857546,-0.13194689,0.03756821,-27.194311,-170.78925,75.95096,LYI
9868151672000,3.064902,9.76030020204283,1.09060534246035,-0.992931496729684,0.002443461,-0.116980694,0.025045475,-27.19331,-170.79605,75.95373,LYI
9868156689000,3.069919,9.74943651694734,1.11041555062886,-0.95375686204434,-0.02076942,-0.092240654,0.019547688,-27.183311,-170.80273,75.96563,LYI
9868161870000,3.0751,9.73868942312048,1.1312946133374,-0.918142038269884,-0.04642576,-0.080634214,0.020158553,-27.170994,-170.80704,75.97661,LYI
9868166696000,3.079926,9.72661033905392,1.14739976446555,-0.902036908162732,-0.06291912,-0.061391957,0.007941248,-27.14997,-170.79675,75.99643,LYI
9868171724000,3.084954,9.71402566547609,1.16417902262392,-0.885257671905218,-0.07452556,-0.029321533,0.006414085,-27.114294,-170.78714,76.02572,LYI
9868176710000,3.08994,9.70224818594908,1.19139432468579,-0.95877166841766,-0.089186326,0.013744468,0.006414085,-27.0958312977839,-170.778434354224,76.0417932894737,LYI
9868183276000,3.096506,9.68704989558492,1.23192366326136,-1.09555829191105,-0.0983493,0.052534413,-0.015882496,-27.071518,-170.76697,76.06296,LYI
9868186680000,3.09991,9.68079544264819,1.24362837097768,-1.15456183341032,-0.09743301,0.11301007,-0.016493361,-27.032043,-170.75339,76.105515,LYI
9868191730000,3.10496,9.67547664247223,1.23830968187617,-1.21306746906412,-0.09437868,0.16707164,-0.016493361,-26.983711,-170.7296,76.15903,LYI
9868196714000,3.109944,9.67437008350151,1.24617839482846,-1.23780471594349,-0.0852157,0.2171626,-0.020463986,-26.954329,-170.70407,76.207275,LYI
9868201693000,3.114923,9.67837982811974,1.27023640198453,-1.22176607241843,-0.06627888,0.24495697,-0.027183503,-26.928335,-170.67896,76.25997,LYI
9868206747000,3.119977,9.68379520905212,1.29352628362085,-1.20602041637915,-0.06627888,0.26542094,-0.02443461,-26.901087,-170.65976,76.31554,LYI
9868211709000,3.124939,9.70583197477277,1.30234098990911,-1.19720571009089,-0.060170226,0.2611449,-0.026267206,-26.880795,-170.639,76.36757,LYI
9868217564000,3.130794,9.7305868,1.31275701022485,-1.18825851022485,-0.058948494,0.25442538,-0.025045475,-26.85423,-170.61597,76.422714,LYI
9868221825000,3.135055,9.73638176,1.32048373113373,-1.19598523113373,-0.07788532,0.2406809,-0.028710667,-26.823364,-170.59088,76.47226,LYI
9868226701000,3.139931,9.74301312,1.32932566756923,-1.20482716756923,-0.08979719,0.20952678,-0.027488936,-26.792234,-170.56732,76.51728,LYI
9868231710000,3.14494,9.74982536,1.33840878069586,-1.21391028069586,-0.10048734,0.17287487,-0.03390302,-26.756044,-170.5403,76.55453,LYI
9868236676000,3.149906,9.75657912,1.34741391940355,-1.22291541940355,-0.109650314,0.14660765,-0.03634648,-26.716625,-170.51482,76.58734,LYI
9868241717000,3.154947,9.78514178168873,1.3536267468913,-1.26539469712194,-0.12980886,0.10170906,-0.03359759,-26.671045,-170.48863,76.60788,LYI
9868246717000,3.159947,9.82355684386282,1.35842859205776,-1.32301688925993,-0.1328632,0.07391469,-0.034208454,-26.627964,-170.46185,76.62481,LYI
9868251693000,3.164923,9.84836917786327,1.3501654157443,-1.36348239602446,-0.1441642,0.039095376,-0.0290161,-26.577906,-170.43541,76.630264,LYI
9868256730000,3.16996,9.86740364160994,1.33588949340041,-1.39679283180428,-0.12889257,0.016493361,-0.02107485,-26.534893,-170.41139,76.633125,LYI
9868261709000,3.174939,9.88284316817221,1.3128655768595,-1.40168700144148,-0.11362094,-0.013744468,-0.014049901,-26.49556,-170.39066,76.62414,LYI
9868266712000,3.179942,9.89665598673842,1.28523950702479,-1.39247837560062,-0.092240654,-0.049785517,-0.004886922,-26.462584,-170.37427,76.61203,LYI
9868271758000,3.184988,9.91217911809861,1.2737153,-1.37887594014369,-0.08124508,-0.087659165,0.0036651916,-26.43319,-170.35869,76.58724,LYI
9868276747000,3.189977,9.92863677886035,1.2737153,-1.36241837758095,-0.060170226,-0.1142318,0.0067195175,-26.413206,-170.34605,76.55924,LYI
9868281706000,3.194936,9.94499547593741,1.2737153,-1.34605977811239,-0.044898596,-0.13683382,0.0143553335,-26.395391,-170.34108,76.53136,LYI
9868286711000,3.199941,9.96150591733097,1.2737153,-1.32954943523275,-0.025350908,-0.14813483,0.014049901,-26.385422,-170.33615,76.500435,LYI
9868291715000,3.204945,9.97669009240924,1.25201272061736,-1.30713098856533,-0.023518313,-0.15577064,0.026267206,-26.373838,-170.33498,76.46837,LYI
9868296711000,3.209941,9.99062283168317,1.21021392085032,-1.27926507355853,-0.04062254,-0.14721853,0.030848695,-26.363028,-170.33183,76.43678,LYI
9868301694000,3.214924,9.9868442640801,1.17845068757822,-1.28455364834168,-0.040317107,-0.13408493,0.03604105,-26.353262,-170.33272,76.41226,LYI
9868306687000,3.219917,9.96190842636629,1.15850196533166,-1.32943820830204,-0.055588737,-0.116980694,0.043982297,-26.334463,-170.33418,76.392624,LYI
9868311684000,3.224914,9.93102290194306,1.15564317943967,-1.36832362485314,-0.07086037,-0.07727446,0.050396383,-26.31507,-170.34102,76.387314,LYI
9868316694000,3.229924,9.89488811658382,1.16768813304715,-1.40204942452177,-0.07971791,-0.064446285,0.05009095,-26.293583,-170.34755,76.38064,LYI
9868322553000,3.235783,9.85262989154993,1.18177423747552,-1.4414904345534,-0.08368854,-0.005192355,0.04886922,-26.27024,-170.36523,76.393654,LYI
9868326712000,3.239942,9.82263297092936,1.19177323189737,-1.46948756046593,-0.083383106,0.015271631,0.051618114,-26.246023,-170.38312,76.40211,LYI
9868331709000,3.244939,9.78353105989583,1.2125135625,-1.49724888541667,-0.073303826,0.04520403,0.04642576,-26.224098,-170.39803,76.42213,LYI
9868336691000,3.249921,9.74211482127701,1.24012445231481,-1.52025796026235,-0.073303826,0.07360926,0.03940081,-26.199722,-170.41208,76.445595,LYI
9868341716000,3.254946,9.67814594188052,1.26631537907496,-1.55109487179227,-0.061391957,0.09865474,0.02565634,-26.192133,-170.42339,76.46457,LYI
9868346712000,3.259942,9.59079220701897,1.29058041240491,-1.58991889471549,-0.051618114,0.12736541,0.01985312,-26.184,-170.43442,76.4896,LYI
9868351683000,3.264913,9.5398828183928,1.31063993271444,-1.56793281198143,-0.048563786,0.13255776,0.014049901,-26.179325,-170.43828,76.50634,LYI
9868356854000,3.270084,9.52312169770815,1.32740095338942,-1.48412765860168,-0.05222898,0.10629055,0.0009162979,-26.175705,-170.43843,76.51927,LYI
9868361705000,3.274935,9.50739781520162,1.34312474207523,-1.40550866826226,-0.04917465,0.06078109,-0.013744468,-26.179153,-170.43416,76.520004,LYI
9868366690000,3.27992,9.49123958920801,1.35928287165651,-1.3247179721497,-0.05100725,0.014660766,-0.02076942,-26.180176,-170.42805,76.51409,LYI
9868371779000,3.285009,9.5009921834585,1.37129730338438,-1.26464568837413,-0.06261369,-0.05009095,-0.025350908,-26.186146,-170.41576,76.49315,LYI
9868376778000,3.290008,9.55235467785039,1.37596656343509,-1.24129914433824,-0.064751714,-0.12889257,-0.027488936,-26.194324,-170.40303,76.459755,LYI
9868382913000,3.296143,9.61564087872448,1.3849114757449,-1.2375340311233,-0.081855945,-0.20677789,-0.027183503,-26.167324,-170.38564,76.43189,LYI
9868386726000,3.299956,9.65515787432364,1.39281487486473,-1.25334080185412,-0.09621128,-0.26419923,-0.018020526,-26.140806,-170.37068,76.39469,LYI
9868392271000,3.305501,9.71262489257629,1.40430827851526,-1.27632756915086,-0.10323623,-0.2919936,-0.015577064,-26.108433,-170.3534,76.3513,LYI
9868396707000,3.309937,9.75681256568936,1.41314586905752,-1.33416753072943,-0.095294975,-0.29260445,-0.00030543262,-26.076561,-170.34283,76.30794,LYI
9868401694000,3.314924,9.80526493618748,1.42283644434412,-1.42622713586284,-0.092240654,-0.2764165,0.00580322,-26.0424,-170.33029,76.26271,LYI
9868406710000,3.31994,9.83264591866076,1.42831266944362,-1.49125070519941,-0.09560041,-0.23090707,0.016493361,-26.008554,-170.31963,76.22147,LYI
9868411711000,3.324941,9.84443655795175,1.43067077267848,-1.53605515912851,-0.077579886,-0.15393804,0.022602014,-25.982515,-170.31105,76.191925,LYI
9868416692000,3.329922,9.8561800441162,1.43301944538651,-1.58068043107829,-0.08155051,-0.11789699,0.03634648,-25.959948,-170.30946,76.16038,LYI
9868421822000,3.335052,9.86827482107336,1.43543837551945,-1.626640608774,-0.0580322,-0.053145275,0.048258353,-25.950731,-170.31145,76.15202,LYI
9868426712000,3.339942,9.86631274844136,1.44020861294409,-1.63368946537358,-0.040927973,0.02076942,0.04734206,-25.939629,-170.31726,76.15814,LYI
9868431710000,3.34494,9.8521024526472,1.44731373611084,-1.60763737182583,-0.020463986,0.086437434,0.0571159,-25.935804,-170.33043,76.18012,LYI
9868436691000,3.349921,9.83794049119248,1.45439469219198,-1.58167389084117,-0.01282817,0.12095132,0.064751714,-25.944183,-170.34554,76.201256,LYI
9868441720000,3.35495,9.82364205630876,1.46154388475012,-1.55546020967838,0.016493361,0.15118915,0.064446285,-25.964247,-170.3627,76.2343,LYI
9868446708000,3.359938,9.79838363763578,1.47417312776201,-1.53071379371759,0.027183503,0.14446963,0.06383542,-25.980595,-170.38075,76.26711,LYI
9868451699000,3.364929,9.76096505714845,1.49288251568647,-1.50732696113123,0.035430185,0.13347405,0.06566802,-26.00402,-170.4001,76.30423,LYI
9868456683000,3.369913,9.73345306544542,1.49842533907152,-1.50116837602008,0.026572637,0.10842858,0.0580322,-26.021763,-170.40767,76.3346,LYI
9868461947000,3.375177,9.71827240276035,1.48577483086575,-1.51887911392723,0.032070424,0.09407325,0.04917465,-26.045374,-170.41617,76.363815,LYI
9868466704000,3.379934,9.70455385937265,1.47434275116688,-1.53488404938018,0.02687807,0.07727446,0.04428773,-26.059233,-170.4188,76.38584,LYI
9868471784000,3.385014,9.68990382775408,1.46213443397742,-1.55197571894103,0.002443461,0.04337143,0.04337143,-26.068834,-170.41937,76.3998,LYI
9868476684000,3.389914,9.67691986168741,1.44311746804979,-1.56625163831259,-0.0012217305,0.014966198,0.03268129,-26.082853,-170.4166,76.40797,LYI
9868481714000,3.394944,9.66502218731476,1.41456304955542,-1.57814931268524,-0.011911872,-0.0033597588,0.036651913,-26.087332,-170.41629,76.41386,LYI
9868486664000,3.399894,9.65331374036752,1.38646277688204,-1.58985775963248,-0.009162978,-0.031154128,0.03145956,-26.100948,-170.41463,76.40561,LYI
9868491716000,3.404946,9.64136402845288,1.3577834682869,-1.60180747154713,-0.01038471,-0.058643065,0.029932396,-26.110083,-170.41452,76.39543,LYI
9868496641000,3.409871,9.63601248571158,1.325052938257,-1.60018125359576,-0.0070249503,-0.09560041,0.048258353,-26.12087,-170.41908,76.381065,LYI
9868501697000,3.414927,9.64059436610522,1.28381682803747,-1.57727233005299,0.00580322,-0.13041973,0.057726767,-26.134264,-170.42133,76.35997,LYI
9868506660000,3.41989,9.65047761365009,1.24527604088987,-1.55703991795853,0.027488936,-0.15974127,0.059253927,-26.157804,-170.43445,76.3357,LYI
9868511714000,3.424944,9.67483897221663,1.21117013889672,-1.54242305194282,0.03145956,-0.17440203,0.06261369,-26.17971,-170.45035,76.31018,LYI
9868516701000,3.429931,9.69298452188136,1.18375720657767,-1.526010866148,0.03634648,-0.183565,0.067500606,-26.206411,-170.46872,76.28164,LYI
9868521727000,3.434957,9.69723958120414,1.17099091774379,-1.50473379214924,0.03390302,-0.18387043,0.06536258,-26.232292,-170.48566,76.25183,LYI
9868526901000,3.440131,9.69913744119948,1.16034187337679,-1.48843050560626,0.03634648,-0.17165314,0.064751714,-26.260899,-170.50845,76.228676,LYI
9868531718000,3.444948,9.67106988544111,1.18039034879618,-1.54055647470665,0.027488936,-0.15332718,0.060170226,-26.285784,-170.52852,76.2061,LYI
9868536671000,3.449901,9.64220988883094,1.20100485964363,-1.59415413402868,0.019547688,-0.116980694,0.0421497,-26.300158,-170.54433,76.185104,LYI
9868541719000,3.454949,9.59939595652174,1.2206265173913,-1.61936511304348,-0.0125227375,-0.08827003,0.03726278,-26.305075,-170.56056,76.168625,LYI
9868546690000,3.45992,9.55235418498024,1.23944322600791,-1.63347764450593,-0.013744468,-0.03970624,0.027183503,-26.317272,-170.57123,76.15981,LYI
9868551688000,3.464918,9.50247782002903,1.26463335869376,-1.63108442516691,-0.030543262,0.01740966,0.011301007,-26.322987,-170.57516,76.14872,LYI
9868556791000,3.470021,9.45046277068215,1.29300519930334,-1.62162716142235,-0.04337143,0.043676864,0.0015271631,-26.329618,-170.57814,76.14096,LYI
9868561709000,3.474939,9.39973191398167,1.30548425659671,-1.60024956041975,-0.050701816,0.08002335,-0.009162978,-26.334585,-170.57343,76.14027,LYI
9868566703000,3.479933,9.34789499113213,1.31019669518179,-1.57197492890925,-0.062308256,0.07971791,-0.015882496,-26.334768,-170.5664,76.136375,LYI
9868571756000,3.484986,9.33351303399541,1.31487405744843,-1.53820781063789,-0.08307768,0.083383106,-0.022296581,-26.33175,-170.55106,76.138115,LYI
9868576770000,3.49,9.34268398090145,1.31945943514133,-1.50152474121467,-0.08032878,0.0693332,-0.03390302,-26.332314,-170.53343,76.13375,LYI
9868582722000,3.495952,9.39207703932584,1.30424813904494,-1.4670537752809,-0.071776666,0.040317107,-0.042455133,-26.325336,-170.5123,76.12752,LYI
9868586694000,3.499924,9.44168639486356,1.28516751653291,-1.44797319261637,-0.084910266,-0.010995574,-0.042455133,-26.31298,-170.49,76.11332,LYI
9868591718000,3.504948,9.52073089846154,1.26852909446154,-1.41318307507692,-0.084910266,-0.06352998,-0.04795292,-26.295383,-170.47026,76.097824,LYI
9868596707000,3.509937,9.61383791907692,1.25872834467692,-1.36907970104615,-0.08674286,-0.112399206,-0.037873644,-26.273388,-170.45468,76.076096,LYI
9868601669000,3.514899,9.68388191446484,1.25578013657859,-1.37348009499328,-0.089491755,-0.16157386,-0.035124753,-26.245441,-170.43414,76.04026,LYI
9868606789000,3.520019,9.73877803627407,1.25797598145096,-1.41520114756829,-0.086132,-0.18570304,-0.030848695,-26.219007,-170.41768,76.00301,LYI
9868611741000,3.524971,9.79187287908643,1.26009977516346,-1.45555322810569,-0.09132435,-0.20005837,-0.02687807,-26.179699,-170.39902,75.96088,LYI
9868616688000,3.529918,9.84491411240484,1.26222142449619,-1.49586456542768,-0.092240654,-0.20280726,-0.021380283,-26.143223,-170.38295,75.918884,LYI
9868621740000,3.53497,9.89370764292933,1.26370518758455,-1.53445556660188,-0.08277224,-0.18875736,-0.01282817,-26.10167,-170.37303,75.88038,LYI
9868626715000,3.539945,9.9011158019902,1.26000118540776,-1.55297561616264,-0.07086037,-0.14172074,-0.004581489,-26.0614,-170.365,75.85075,LYI
9868631693000,3.544923,9.90852842828267,1.25629494966182,-1.57150683359247,-0.06505715,-0.11759156,-0.002443461,-26.029554,-170.36343,75.81465,LYI
9868636720000,3.54995,9.90093954736955,1.26008945517536,-1.59122861035073,-0.053450707,-0.06780604,0.0030543262,-26.00319,-170.366,75.79707,LYI
9868641715000,3.554945,9.88047938216424,1.27031959118905,-1.6116888823781,-0.028405234,-0.020158553,0.0030543262,-25.9926992171597,-170.366840973081,75.7949984504899,LYI
9868647233000,3.560463,9.81470087124763,1.28477541070111,-1.60004684632492,-0.035430185,0.021380283,0.0015271631,-25.98111,-170.36777,75.79271,LYI
9868651690000,3.56492,9.74659060367009,1.29754611365314,-1.57876241548818,-0.03481932,0.056505036,0.0009162979,-25.960934,-170.37242,75.787315,LYI
9868656716000,3.569946,9.6869667641419,1.30853528586769,-1.55232781060403,-0.046120327,0.07391469,-0.0033597588,-25.944618,-170.37704,75.79475,LYI
9868661714000,3.574944,9.63648600575264,1.31771358814957,-1.52479285583893,-0.06169739,0.070554934,-0.013744468,-25.927576,-170.37932,75.80357,LYI
9868666689000,3.579919,9.59400990268812,1.31632334812602,-1.49730724437807,-0.06291912,0.060170226,-0.018936822,-25.909628,-170.37918,75.815384,LYI
9868671816000,3.585046,9.55616425493786,1.30686188679064,-1.4689228603719,-0.07696902,0.047036625,-0.020463986,-25.883972,-170.3757,75.824394,LYI
9868676728000,3.589958,9.56062243452869,1.30477447987837,-1.4847831227955,-0.095294975,0.022602014,-0.030848695,-25.853765,-170.36519,75.826866,LYI
9868681748000,3.594978,9.60470922346638,1.30941519960423,-1.54279216782663,-0.105374254,0.007941248,-0.0290161,-25.82192,-170.35751,75.830696,LYI
9868686691000,3.599921,9.64811978078093,1.31398473697572,-1.59991143268498,-0.105068825,-0.003970624,-0.028405234,-25.77569,-170.3456,75.824844,LYI
9868691724000,3.604954,9.69232073869395,1.31863747450167,-1.65807070034268,-0.10476339,-0.007330383,-0.02443461,-25.72716,-170.33482,75.81919,LYI
9868696712000,3.609942,9.72374338446751,1.31667292618224,-1.71315855447905,-0.09743301,-0.007941248,-0.021380283,-25.681458,-170.32455,75.81208,LYI
9868701692000,3.614922,9.73291167743176,1.3029207739331,-1.76358316059208,-0.087964594,0.00580322,-0.019547688,-25.637094,-170.31537,75.8083,LYI
9868706683000,3.619913,9.74359459386059,1.29087818228189,-1.80342591098631,-0.070249505,0.022907447,-0.010079277,-25.605986,-170.32088,75.8018,LYI
9868711711000,3.624941,9.75841284251423,1.28346898058932,-1.81453965550085,-0.06414085,0.04062254,-0.007941248,-25.575066,-170.32455,75.79766,LYI
9868717277000,3.630507,9.77481665556239,1.2752669884213,-1.82684257951993,-0.060170226,0.06719518,-0.0009162979,-25.55623,-170.33646,75.79774,LYI
9868721795000,3.635025,9.77466376361495,1.28348383915219,-1.81614542646453,-0.043066,0.0720821,-0.0009162979,-25.5507518835135,-170.342092683388,75.7984986105572,LYI
9868726806000,3.640036,9.76995467255421,1.29761086648023,-1.79730945558826,-0.03848451,0.08552113,0.0009162979,-25.544676,-170.34834,75.79934,LYI
9868731710000,3.64494,9.77726645405405,1.30690751149744,-1.75814365129291,-0.032070424,0.09590584,0.010079277,-25.529793,-170.36324,75.80755,LYI
9868736728000,3.649958,9.79130781261261,1.31392816634039,-1.70665880023862,-0.048258353,0.07849618,0.006414085,-25.521355,-170.37027,75.80668,LYI
9868741717000,3.654947,9.80526802342342,1.32090824745069,-1.65547149017288,-0.04886922,0.046120327,0.0143553335,-25.515364,-170.38148,75.80966,LYI
9868746709000,3.659939,9.81923662882883,1.32789252584368,-1.60425340000487,-0.06261369,0.008552114,0.017715093,-25.50143,-170.38863,75.80624,LYI
9868751677000,3.664907,9.82339712331,1.35043078627865,-1.58980040570525,-0.06505715,-0.023518313,0.019547688,-25.485826,-170.4009,75.79935,LYI
9868756769000,3.669999,9.81872111563908,1.38783801761434,-1.60850404578579,-0.074830994,-0.05375614,0.027488936,-25.464413,-170.41434,75.78706,LYI
9868761679000,3.674909,9.80581392675191,1.4244514389434,-1.64971954149073,-0.077579886,-0.0729984,0.027794369,-25.430267,-170.42113,75.78042,LYI
9868766687000,3.679917,9.7820451615621,1.46248151288532,-1.72102588669838,-0.06811147,-0.06780604,0.0290161,-25.397274,-170.43016,75.77462,LYI
9868771755000,3.684985,9.74152255966021,1.48646811742394,-1.78482671320624,-0.060170226,-0.060170226,0.032070424,-25.363934,-170.43532,75.76197,LYI
9868776734000,3.689964,9.68029423666535,1.49117800355591,-1.83663550983801,-0.040011674,-0.021380283,0.02687807,-25.337675,-170.4394,75.75618,LYI
9868782905000,3.696135,9.61707799774857,1.46721486762292,-1.82286576156584,-0.021380283,0.0125227375,0.023518313,-25.323792,-170.45111,75.752396,LYI
9868787067000,3.700297,9.58234015447745,1.43247711503377,-1.76496952740214,0.008552114,0.043676864,0.02687807,-25.319168,-170.46452,75.75664,LYI
9868791714000,3.704944,9.54355429246859,1.39369135427409,-1.70032661530249,0.009773844,0.048258353,0.01985312,-25.32422,-170.47525,75.756256,LYI
9868796706000,3.709936,9.53039056412925,1.36438474986043,-1.6451229662393,0.011911872,0.030543262,0.02565634,-25.337423,-170.49174,75.76055,LYI
9868801720000,3.71495,9.5326623660879,1.34166718098122,-1.59741607396508,0.01282817,0.007330383,0.027183503,-25.350803,-170.50471,75.76219,LYI
9868806679000,3.719909,9.53490924800114,1.31919880761224,-1.55023249223636,0.013744468,-0.009773844,0.02076942,-25.356869,-170.51955,75.77204,LYI
9868811711000,3.724941,9.53718920561101,1.29639968383877,-1.50235433469272,0.0061086523,-0.02321288,0.013744468,-25.360703,-170.53374,75.77751,LYI
9868816689000,3.729919,9.55159480552893,1.28127741857943,-1.49195224199667,-0.005192355,-0.054061573,0.0143553335,-25.35845,-170.55037,75.775795,LYI
9868821713000,3.734943,9.58314794844373,1.27642309864804,-1.53321420218433,-0.013439035,-0.062308256,0.016493361,-25.355228,-170.56477,75.7749,LYI
9868826667000,3.739897,9.61426145759976,1.27163641454371,-1.57390125448721,-0.03359759,-0.057421334,0.007330383,-25.337246,-170.56934,75.77439,LYI
9868831672000,3.744902,9.64569527135146,1.26680045290824,-1.615007168249,-0.05131268,-0.044593163,0.00061086525,-25.317806,-170.5746,75.77479,LYI
9868836698000,3.749928,9.67723738502216,1.26961517159045,-1.64530123565169,-0.057421334,-0.02107485,0.0106901415,-25.296064,-170.58136,75.78011,LYI
9868841721000,3.754951,9.70873207060838,1.28172847911966,-1.66225985607373,-0.061086524,0.017715093,0.01038471,-25.27091,-170.58237,75.78831,LYI
9868846711000,3.759941,9.7400198430701,1.29376220489525,-1.67910706210717,-0.07574729,0.050701816,0.004581489,-25.254244,-170.58728,75.7955,LYI
9868851734000,3.764964,9.77151452865633,1.30587551242446,-1.69606568252921,-0.058643065,0.073303826,0.01282817,-25.24536,-170.59734,75.8112,LYI
9868856709000,3.769939,9.78116568870924,1.31835377907167,-1.68567804074848,-0.049480084,0.100792766,0.016798794,-25.23651,-170.60356,75.83611,LYI
9868861745000,3.774975,9.76802286774457,1.33149632556999,-1.64625035550913,-0.057726767,0.10323623,0.02107485,-25.227253,-170.61191,75.86144,LYI
9868866723000,3.779953,9.75246106772175,1.3382310270887,-1.6159583270887,-0.0421497,0.11148291,0.025045475,-25.233873,-170.61879,75.889946,LYI
9868871727000,3.784957,9.73041363157895,1.32941205263158,-1.60713935263158,-0.029626964,0.10842858,0.023518313,-25.237118,-170.62448,75.91546,LYI
9868876693000,3.789923,9.71189340103031,1.32362215981771,-1.59831532009114,-0.023823744,0.106901415,0.027183503,-25.23624,-170.62961,75.94713,LYI
9868881752000,3.794982,9.72149317178522,1.34282130037646,-1.58871574981177,-0.019242255,0.096516706,0.025045475,-25.238548,-170.6331,75.973915,LYI
9868886697000,3.799927,9.72983801544636,1.36010458041906,-1.5801731,-0.018936822,0.074830994,0.022296581,-25.240631,-170.63785,75.99848,LYI
9868891721000,3.804951,9.72759270077932,1.36234984819637,-1.5801731,-0.021380283,0.049785517,0.022602014,-25.242956,-170.64278,76.01951,LYI
9868897052000,3.810282,9.72521018236969,1.364732316851,-1.5801731,-0.012217305,0.028405234,0.023518313,-25.245804,-170.64252,76.03302,LYI
9868901691000,3.814921,9.72313693102805,1.36680552489617,-1.5801731,-0.029321533,0.004886922,0.022296581,-25.240406,-170.6403,76.04011,LYI
9868906676000,3.819906,9.72090904615241,1.36903336324607,-1.5801731,-0.03573562,-0.0012217305,0.018936822,-25.246256,-170.6341,76.043816,LYI
9868911712000,3.824942,9.72606393753632,1.37135171901511,-1.59885650475015,-0.03940081,-0.0076358155,0.02076942,-25.247784,-170.62854,76.04333,LYI
9868916690000,3.82992,9.73298907505326,1.37366010622216,-1.62194064196688,-0.03756821,-0.027183503,0.020158553,-25.249157,-170.62161,76.03779,LYI
9868921796000,3.835026,9.74009227958551,1.37602784930757,-1.64561834478501,-0.04337143,-0.034208454,0.017104227,-25.247057,-170.61359,76.03322,LYI
9868926744000,3.839974,9.74697568264575,1.37832232498063,-1.66856336506392,-0.019547688,-0.025045475,0.016493361,-25.253868,-170.60803,76.028595,LYI
9868931710000,3.84494,9.74322026731302,1.36712229182825,-1.6789256598338,-0.024740042,-0.02443461,0.023518313,-25.254313,-170.59825,76.01958,LYI
9868936861000,3.850091,9.73411065484765,1.34890254371191,-1.68348060875346,-0.009162978,-0.021380283,0.01985312,-25.267641,-170.58804,76.01117,LYI
9868941716000,3.854946,9.72405196610003,1.33596577288003,-1.66876269258316,0.0070249503,-0.007941248,0.029932396,-25.286133,-170.583,76.00333,LYI
9868946709000,3.859939,9.71233958614608,1.32659586891687,-1.63596800425219,0.006414085,-0.0061086523,0.0290161,-25.30443,-170.57423,75.99129,LYI
9868951669000,3.864899,9.70070461627394,1.31728789301915,-1.60339006431196,0.025045475,-0.0067195175,0.032070424,-25.331001,-170.56885,75.978226,LYI
9868956727000,3.869957,9.68883976191643,1.30779600953314,-1.57016844733258,0.0036651916,-0.02107485,0.029321533,-25.345907,-170.55994,75.9618,LYI
9868961660000,3.87489,9.66937122400276,1.30441206375425,-1.53964510720872,0.013439035,-0.030543262,0.024129177,-25.374647,-170.5542,75.94679,LYI
9868966701000,3.879931,9.63842603101425,1.30917283973177,-1.51108042648785,0.0018325958,-0.033292156,0.021380283,-25.390972,-170.5466,75.93064,LYI
9868972392000,3.885622,9.60349068221488,1.3145474828756,-1.47883253956412,-0.015577064,-0.05955936,0.016798794,-25.401403,-170.53737,75.913925,LYI
9868976714000,3.889944,9.5769592154233,1.31862922732607,-1.45434205155071,-0.025961773,-0.07727446,0.015577064,-25.410336,-170.52853,75.898994,LYI
9868982921000,3.896151,9.56192650247741,1.3344196173856,-1.42797415122413,-0.044898596,-0.08277224,0.008246681,-25.416492,-170.51112,75.876976,LYI
9868986695000,3.899925,9.56719371291169,1.3502208911979,-1.41743992285048,-0.05222898,-0.08827003,0.004276057,-25.422857,-170.49507,75.85249,LYI
9868991721000,3.904951,9.57420828621393,1.37126413501895,-1.40341103259983,-0.059864793,-0.07696902,0.003970624,-25.41681,-170.4738,75.834145,LYI
9868996713000,3.909943,9.59049064101159,1.37358667217201,-1.41463409779056,-0.074830994,-0.06872234,-0.004886922,-25.407013,-170.449,75.81239,LYI
9869001718000,3.914948,9.61237135131927,1.36483443374418,-1.44089099585502,-0.070554934,-0.05681047,-0.0012217305,-25.400229,-170.42897,75.7969,LYI
9869006790000,3.92002,9.63559307434343,1.35336535539394,-1.46439625947475,-0.08002335,-0.036651913,-0.0036651916,-25.381462,-170.40012,75.7833,LYI
9869011715000,3.924945,9.65941415515152,1.33907270690909,-1.48345312412121,-0.065973446,-0.017104227,-0.008246681,-25.37065,-170.37396,75.772964,LYI
9869016712000,3.929942,9.68119795836218,1.32686469830877,-1.50907207842943,-0.07880162,0.0070249503,-0.0030543262,-25.353264,-170.35123,75.76803,LYI
9869021776000,3.935006,9.70038366185343,1.31727179647908,-1.54264728491742,-0.08093964,0.039095376,0.0018325958,-25.34305,-170.32921,75.76829,LYI
9869026751000,3.939981,9.71402053707375,1.30574564601507,-1.56206565717684,-0.07971791,0.06566802,0.0009162979,-25.333162,-170.30992,75.772095,LYI
9869031711000,3.944941,9.72108366950833,1.29161965156622,-1.56441998548771,-0.06963864,0.09468412,-0.00030543262,-25.32499,-170.29288,75.78394,LYI
9869036662000,3.949892,9.72813398577518,1.27751928896213,-1.56677004183188,-0.076358154,0.112399206,-0.004276057,-25.310972,-170.27672,75.79252,LYI
9869042301000,3.955531,9.7361640268636,1.26145951422482,-1.56944666629659,-0.0729984,0.11728613,-0.004276057,-25.30252,-170.26288,75.80477,LYI
9869046639000,3.959869,9.73702515701392,1.25628689262881,-1.56800852006393,-0.07941248,0.11453723,-0.0018325958,-25.295755,-170.25029,75.8237,LYI
9869051696000,3.964926,9.73019492633509,1.26084028465589,-1.56117845579635,-0.07727446,0.11484267,-0.0030543262,-25.292238,-170.2377,75.84299,LYI
9869056737000,3.969967,9.7233863060361,1.26537927006393,-1.5543700013821,-0.07086037,0.089491755,-0.00030543262,-25.289913,-170.23094,75.85876,LYI
9869061717000,3.974947,9.71666007531027,1.26986333023693,-1.54764393453366,-0.064751714,0.06047566,-0.004886922,-25.288136,-170.22214,75.87161,LYI
9869066699000,3.979929,9.71203490834473,1.27544463242134,-1.5441717625171,-0.0711658,0.031154128,0.00061086525,-25.284071,-170.2169,75.88139,LYI
9869071741000,3.984971,9.72029195930233,1.28782999331395,-1.56068547645349,-0.080634214,-0.0018325958,0.0033597588,-25.280931,-170.21008,75.88286,LYI
9869076665000,3.989895,9.72835576709986,1.29992549451094,-1.57681271314979,-0.076358154,-0.014049901,0.005192355,-25.273125,-170.19965,75.878075,LYI
9869081710000,3.99494,9.73376907017459,1.31177876779825,-1.60817202288555,-0.08827003,-0.015577064,0.0036651916,-25.258177,-170.18816,75.869064,LYI
9869086691000,3.999921,9.73839569932105,1.32334570300679,-1.64287285266731,-0.081855945,-0.02443461,0.007941248,-25.249624,-170.18037,75.858086,LYI
9869091714000,4.004944,9.74306134039767,1.33501017109602,-1.67786628129486,-0.076052725,-0.018936822,0.0036651916,-25.23946,-170.16864,75.84583,LYI
9869096707000,4.009937,9.74769911580989,1.3466049728419,-1.71265071074685,-0.06994407,-0.014966198,0.0125227375,-25.230925,-170.16254,75.835526,LYI
9869101689000,4.014919,9.75516666186253,1.35630733702882,-1.70888135742794,-0.061086524,-0.007330383,0.007330383,-25.220072,-170.15587,75.8253,LYI
9869106734000,4.019964,9.76409422376201,1.36523471249076,-1.6865629187731,-0.034513887,-0.010079277,0.011301007,-25.21575,-170.15564,75.81779,LYI
9869112108000,4.025338,9.76543765091837,1.36076753477551,-1.63526716228571,-0.021991149,-0.01740966,0.0070249503,-25.222933,-170.1517,75.80306,LYI
9869116731000,4.029961,9.7609198477551,1.34721440832653,-1.57201923885714,-0.020463986,-0.021380283,0.0076358155,-25.234243,-170.15123,75.79066,LYI
9869121726000,4.034956,9.76703282690722,1.33248634573196,-1.53359928818557,-0.0125227375,-0.029932396,0.009468411,-25.24713,-170.14929,75.77769,LYI
9869126713000,4.039943,9.78180411525773,1.31771536585567,-1.51882820548454,-0.0070249503,-0.05100725,0.007330383,-25.259762,-170.14658,75.76106,LYI
9869131708000,4.044938,9.78458572084281,1.30911138164012,-1.49566808984074,-0.02076942,-0.053145275,0.01740966,-25.261238,-170.14954,75.75999,LYI
9869136688000,4.049918,9.77986780017806,1.30439355950143,-1.46736115700861,-0.022907447,-0.07086037,0.015577064,-25.267946,-170.14954,75.74888,LYI
9869141695000,4.054925,9.77929019911762,1.3051861410065,-1.46389562301949,-0.0143553335,-0.07147124,0.026572637,-25.272022,-170.15729,75.74829,LYI
9869146718000,4.059948,9.78162246281392,1.30985057098807,-1.47788891296422,-0.021685716,-0.06719518,0.021685716,-25.271534,-170.15913,75.74179,LYI
9869151684000,4.064914,9.78392826044798,1.31446206995055,-1.49172340985164,-0.02321288,-0.06780604,0.025350908,-25.271301,-170.16664,75.74121,LYI
9869156716000,4.069946,9.78626470299622,1.31913485746146,-1.50574177238437,-0.025350908,-0.0571159,0.030848695,-25.26898,-170.17282,75.74337,LYI
9869161716000,4.074946,9.78194379104256,1.32493132537446,-1.52090990413762,-0.029321533,-0.05131268,0.03604105,-25.260715,-170.18515,75.748375,LYI
9869166736000,4.079966,9.77006096539621,1.33206102076227,-1.53754588485837,-0.028099801,-0.042760566,0.03726278,-25.253471,-170.19771,75.756355,LYI
9869171784000,4.085014,9.75811186104108,1.33923048337535,-1.55427465590983,-0.027794369,-0.022907447,0.043676864,-25.247776,-170.2125,75.766525,LYI
9869176741000,4.089971,9.7463781624895,1.3462707025063,-1.57070185838647,-0.029321533,-0.00580322,0.043676864,-25.2422,-170.22542,75.77672,LYI
9869183341000,4.096571,9.72953789907225,1.36796088472027,-1.59528543578859,-0.032375857,0.01160644,0.04184427,-25.235268,-170.24185,75.79398,LYI
9869186699000,4.099929,9.72049669412426,1.38378268656171,-1.60884695999438,-0.030848695,0.029321533,0.03940081,-25.229319,-170.25775,75.81425,LYI
9869191722000,4.104952,9.70697258082654,1.40744942588558,-1.62913270629744,-0.014049901,0.058643065,0.029626964,-25.224232,-170.27402,75.83397,LYI
9869196708000,4.109938,9.68079142319703,1.41326477035936,-1.64036905785378,-0.014049901,0.07360926,0.02687807,-25.21479,-170.29024,75.85478,LYI
9869201706000,4.114936,9.64520417680297,1.40614729630731,-1.64511404881289,-0.014966198,0.08002335,0.01863139,-25.210316,-170.30249,75.87623,LYI
9869206682000,4.119912,9.60977357695167,1.39906115167286,-1.64983815345725,-0.017715093,0.0852157,0.014660766,-25.203302,-170.31648,75.898254,LYI
9869211734000,4.124964,9.57380183449814,1.39186677814126,-1.65463441082528,-0.01863139,0.08368854,0.006414085,-25.196926,-170.32657,75.917114,LYI
9869216741000,4.129971,9.55635743744134,1.37308893695727,-1.64512654933564,-0.0290161,0.08002335,0.0076358155,-25.185633,-170.33719,75.93649,LYI
9869221813000,4.135043,9.55395835263028,1.34429748907385,-1.62353295715979,-0.032986723,0.070249505,0.004886922,-25.176292,-170.34435,75.95137,LYI
9869226733000,4.139963,9.55163116468264,1.31636887637935,-1.60258649156335,-0.04337143,0.043982297,0.005192355,-25.16516,-170.35257,75.960335,LYI
9869231713000,4.144943,9.54927559639417,1.28809967084712,-1.58138458126451,-0.054061573,0.02076942,0.003970624,-25.153027,-170.35909,75.96673,LYI
9869236685000,4.149915,9.57238231185248,1.27487268832102,-1.57175370040648,-0.06872234,-0.014049901,0.007941248,-25.136847,-170.36615,75.96621,LYI
9869241726000,4.154956,9.62263788078124,1.27726579518168,-1.57414683225599,-0.063224554,-0.05375614,0.009773844,-25.12375,-170.37253,75.95923,LYI
9869246709000,4.159939,9.67231522654042,1.27963136778367,-1.57651242955931,-0.07238753,-0.080634214,0.016187929,-25.097584,-170.39197,75.96297,LYI
9869251701000,4.164931,9.72208229658454,1.28200121294304,-1.57888229946463,-0.06658431,-0.10323623,0.018325957,-25.077866,-170.41112,75.95884,LYI
9869256734000,4.169964,9.76671095196679,1.29205295311326,-1.59550468790275,-0.051618114,-0.11911872,0.016493361,-25.058702,-170.4303,75.95109,LYI
9869261712000,4.174942,9.80440510792647,1.31089998189365,-1.62848681607037,-0.04642576,-0.112399206,0.026572637,-25.038643,-170.4526,75.94631,LYI
9869266745000,4.179975,9.82069350200687,1.33079828571498,-1.66867481291649,-0.037873644,-0.09040806,0.026267206,-25.023726,-170.4728,75.94139,LYI
9869271773000,4.185003,9.80905073630253,1.35175523966826,-1.71757447750375,-0.031154128,-0.061086524,0.029932396,-25.0099,-170.49641,75.94235,LYI
9869276659000,4.189889,9.79773678379032,1.37212033056241,-1.7650931253107,-0.027488936,-0.026267206,0.0290161,-25.000828,-170.51768,75.94477,LYI
9869281714000,4.194944,9.78603149726776,1.39318982185792,-1.81425537759563,-0.023518313,0.018020526,0.032375857,-24.993841,-170.54083,75.95678,LYI
9869286664000,4.199894,9.75107881475044,1.4043493277477,-1.83524721094611,-0.013744468,0.073303826,0.029932396,-24.989971,-170.56184,75.976814,LYI
9869291717000,4.204947,9.65734798609387,1.39233257350385,-1.78958342436057,-0.019242255,0.11148291,0.02321288,-24.983013,-170.58125,76.001785,LYI
9869296636000,4.209866,9.56610279587782,1.38063449036007,-1.74513059114974,-0.026267206,0.13775012,0.025961773,-24.991535,-170.59314,76.01717,LYI
9869301691000,4.214921,9.47233486814005,1.36861297983114,-1.69944873063323,-0.036651913,0.14721853,0.01985312,-24.997766,-170.59988,76.03349,LYI
9869306726000,4.219956,9.40193915925191,1.35120633907623,-1.653935442845,-0.046120327,0.12797627,0.015577064,-25.001877,-170.60728,76.04948,LYI
9869311714000,4.224944,9.39291486984037,1.31962198573722,-1.60881489096061,-0.05222898,0.09987647,0.019242255,-25.003723,-170.61456,76.065254,LYI
9869316759000,4.229989,9.39329245386449,1.29621126081035,-1.57327010864828,-0.04520403,0.0580322,0.009162978,-25.008022,-170.60933,76.07475,LYI
9869321735000,4.234965,9.44196898365679,1.31649307763024,-1.58949556210419,-0.043982297,0.006414085,0.0021380284,-25.008556,-170.60538,76.07712,LYI
9869326677000,4.239907,9.49031291658154,1.33663631290432,-1.60561015032346,-0.05467244,-0.040927973,-0.0070249503,-25.009085,-170.5984,76.07633,LYI
9869331698000,4.244928,9.56018885201093,1.32950371901601,-1.6426513821066,-0.048258353,-0.089186326,-0.008246681,-25.014706,-170.59282,76.064705,LYI
9869336673000,4.249903,9.63460405115189,1.31555079632956,-1.68451019873096,-0.051923547,-0.12370021,-0.0125227375,-25.014788,-170.58304,76.04408,LYI
9869341716000,4.254946,9.70306663294854,1.30138423950303,-1.72346356384269,-0.04337143,-0.13316862,-0.010995574,-25.020369,-170.57446,76.01851,LYI
9869346684000,4.259914,9.76822898552143,1.2874208643514,-1.76069897170808,-0.04886922,-0.121256754,-0.008552114,-25.02116,-170.5645,75.99056,LYI
9869351724000,4.264954,9.81433256586562,1.25981079230015,-1.79183601450711,-0.03573562,-0.08460484,-0.0012217305,-25.034952,-170.56238,75.96667,LYI
9869356744000,4.269974,9.85205716419814,1.22680164565964,-1.82012966021579,-0.04520403,-0.05222898,0.0009162979,-25.040922,-170.55835,75.94481,LYI
9869361711000,4.274941,9.84842409804686,1.22252926078126,-1.82132664902343,-0.04062254,-0.02076942,0.016798794,-25.057478,-170.5671,75.934685,LYI
9869367429000,4.280659,9.82175216662608,1.23319803334957,-1.80799068331304,-0.042760566,0.03023783,0.019242255,-25.069714,-170.57182,75.93369,LYI
9869371730000,4.28496,9.80168991111003,1.24122293555599,-1.79795955555501,-0.03940081,0.064446285,0.01985312,-25.089424,-170.58629,75.93855,LYI
9869376729000,4.289959,9.77837179548001,1.250550181808,-1.78630049774,-0.043982297,0.10140363,0.021991149,-25.105904,-170.60094,75.95518,LYI
9869382888000,4.296118,9.71976757596107,1.26577141023844,-1.74765681321654,-0.041233405,0.10354166,0.025045475,-25.125881,-170.60724,75.96272,LYI
9869386696000,4.299926,9.67362758725061,1.27641909709002,-1.71571360441849,-0.046731193,0.093767814,0.02565634,-25.141853,-170.61267,75.97499,LYI
9869391725000,4.304955,9.61510611642836,1.2904767459002,-1.69030500274292,-0.037873644,0.07666359,0.01740966,-25.158993,-170.61353,75.984535,LYI
9869396707000,4.309937,9.55941684456765,1.3043991123237,-1.68102348973835,-0.031154128,0.061391957,0.0143553335,-25.173481,-170.61563,75.99313,LYI
9869401702000,4.314932,9.52247619771355,1.32061830646343,-1.67701566330793,-0.04734206,0.04917465,0.007330383,-25.178574,-170.60971,75.99805,LYI
9869406760000,4.31999,9.50809246327823,1.3397965522914,-1.67941294403642,-0.051923547,0.01740966,0.0076358155,-25.1885,-170.60616,75.99627,LYI
9869411677000,4.324907,9.49410969890132,1.35844017323567,-1.68174339665446,-0.04428773,0.0033597588,0.008246681,-25.196016,-170.59796,75.99291,LYI
9869416787000,4.330017,9.47957808898347,1.37781558568742,-1.68416532321093,-0.030848695,-0.016187929,0.006414085,-25.203869,-170.58958,75.98152,LYI
9869421708000,4.334938,9.4844852656015,1.39049743598684,-1.69854118789474,-0.043982297,-0.03359759,-0.0067195175,-25.20656,-170.57753,75.96587,LYI
9869426715000,4.339945,9.51603218909775,1.39500406539474,-1.73008792315789,-0.044898596,-0.04795292,-0.009773844,-25.216217,-170.56949,75.948784,LYI
9869431666000,4.344896,9.54920239689798,1.39761912722342,-1.75017728405953,-0.05100725,-0.048563786,-0.005497787,-25.21819,-170.55463,75.9264,LYI
9869437215000,4.350445,9.5920815307513,1.39523697246728,-1.74064856553703,-0.03756821,-0.037873644,-0.014660766,-25.225994,-170.53671,75.90108,LYI
9869441704000,4.354934,9.62676966048054,1.39330986980007,-1.73294007437691,-0.028099801,-0.024129177,-0.015271631,-25.231659,-170.52382,75.87598,LYI
9869446757000,4.359987,9.66581602259279,1.391140645078,-1.72426308488435,-0.028710667,-0.022296581,-0.01282817,-25.238472,-170.51,75.85035,LYI
9869451737000,4.364967,9.70429828725121,1.38900275884884,-1.7157114506724,-0.03726278,-0.02076942,-0.009773844,-25.245653,-170.49684,75.82832,LYI
9869456747000,4.369977,9.72321689912235,1.37219081129582,-1.69369066411977,-0.03726278,-0.0143553335,-0.009773844,-25.255054,-170.48447,75.80832,LYI
9869461688000,4.374918,9.73787460392359,1.35264761303046,-1.66926166628807,-0.027794369,0.0030543262,0.0036651916,-25.264193,-170.47728,75.794815,LYI
9869466783000,4.380013,9.74557121773526,1.3264965765017,-1.65841997834146,-0.040927973,0.013133603,0.0076358155,-25.263794,-170.46782,75.784615,LYI
9869471762000,4.384992,9.75215049609051,1.30017907377426,-1.64964746216539,-0.03268129,0.021685716,0.006414085,-25.271868,-170.46259,75.77964,LYI
9869476778000,4.390008,9.75877866645203,1.27366600012878,-1.64080975556986,-0.03848451,0.02321288,0.009773844,-25.270557,-170.4633,75.784584,LYI
9869481644000,4.394874,9.76520862597737,1.24794578155643,-1.63223633445865,-0.043066,0.014049901,0.010079277,-25.27198,-170.46336,75.788124,LYI
9869486678000,4.399908,9.7604802888866,1.24720213930297,-1.6319884555567,-0.028405234,0.020158553,0.01282817,-25.269148,-170.46136,75.787766,LYI
9869491720000,4.40495,9.74558780600391,1.26954081179192,-1.63943469699805,-0.028710667,0.011301007,0.010079277,-25.261024,-170.45705,75.781555,LYI
9869496704000,4.409934,9.73086663688701,1.29162251422844,-1.64679528155649,-0.032375857,0.0021380284,0.008246681,-25.256926,-170.4608,75.783,LYI
9869501698000,4.414928,9.71611593091395,1.31374852184641,-1.65417063454302,-0.031154128,-0.00030543262,0.011911872,-25.254116,-170.46553,75.78458,LYI
9869507026000,4.420256,9.68680285131313,1.33191912751515,-1.66366741834343,-0.028405234,-0.0021380284,0.0125227375,-25.250938,-170.46878,75.78356,LYI
9869511715000,4.424945,9.65505169040404,1.34552688969697,-1.67273925979798,-0.041233405,0.0015271631,0.011301007,-25.243715,-170.47176,75.78365,LYI
9869516726000,4.429956,9.63174849567181,1.35637792585623,-1.68501338878434,-0.04428773,0.015882496,0.008246681,-25.2398,-170.47003,75.78086,LYI
9869521814000,4.435044,9.61340909936018,1.36554743251788,-1.69876764877682,-0.046731193,0.026267206,0.011301007,-25.232382,-170.46916,75.77921,LYI
9869526792000,4.440022,9.60017881436796,1.37350204621777,-1.7019924931965,-0.03573562,0.044898596,0.01282817,-25.228989,-170.46588,75.77892,LYI
9869531712000,4.444942,9.59074349822278,1.38057854564205,-1.69727481049312,-0.0421497,0.05375614,0.010079277,-25.220066,-170.46136,75.7787,LYI
9869536686000,4.449916,9.58120462372966,1.38773271396245,-1.69250534834543,-0.022296581,0.06169739,0.006414085,-25.22328,-170.4582,75.779816,LYI
9869541722000,4.454952,9.57154684891114,1.3949760576821,-1.68767643572466,-0.015882496,0.062308256,0.0076358155,-25.220783,-170.45477,75.7817,LYI
9869546710000,4.45994,9.57718880119681,1.39572401269947,-1.66311055432181,-0.014966198,0.056199603,-0.00580322,-25.235373,-170.45323,75.792755,LYI
9869551722000,4.464952,9.59542537832447,1.39116489222074,-1.62207799394947,-0.0061086523,0.049480084,0.0067195175,-25.252863,-170.4601,75.80858,LYI
9869556733000,4.469963,9.61070938968204,1.38656804412718,-1.60036117793641,-0.009468411,0.025045475,-0.006414085,-25.266113,-170.4532,75.8111,LYI
9869561718000,4.474948,9.62226152344771,1.38194719062092,-1.60267160468954,-0.02687807,0.01038471,-0.0009162979,-25.276594,-170.45485,75.81991,LYI
9869566759000,4.479989,9.63394343043121,1.37727442782752,-1.60500798608624,-0.044593163,-0.014660766,-0.0033597588,-25.280905,-170.44992,75.822365,LYI
9869571725000,4.484955,9.64545153399797,1.37267118640081,-1.60730960679959,-0.052534413,-0.018020526,-0.0033597588,-25.28264,-170.44696,75.82768,LYI
9869576715000,4.489945,9.66126594391043,1.37105237239886,-1.60733451121791,-0.063224554,-0.026267206,-0.0027488936,-25.277044,-170.44496,75.82809,LYI
9869582977000,4.496207,9.69293908302524,1.37738693407627,-1.60099988339495,-0.06261369,-0.03359759,-0.004886922,-25.272533,-170.44244,75.82748,LYI
9869586689000,4.499919,9.70921568272125,1.37312723251054,-1.60723721751957,-0.053450707,-0.032375857,0.002443461,-25.26808,-170.44438,75.82971,LYI
9869591695000,4.504925,9.72845809171182,1.3586957773831,-1.62647922466386,-0.062002823,-0.03145956,-0.00061086525,-25.259228,-170.44196,75.828064,LYI
9869596655000,4.509885,9.74245192735392,1.34465186624094,-1.63668757770682,-0.055283304,-0.018325957,0.013744468,-25.256632,-170.45216,75.84048,LYI
9869601688000,4.514918,9.74939474629087,1.33076603504105,-1.63437327250684,-0.05375614,-0.010995574,0.018325957,-25.250587,-170.4579,75.84923,LYI
9869606712000,4.519942,9.75632515009363,1.31690503445527,-1.63206310574255,-0.046120327,0.004886922,0.017104227,-25.24642,-170.46733,75.85923,LYI
9869611715000,4.524945,9.76322658524992,1.30310197196908,-1.62976259532818,-0.05100725,0.018020526,0.021380283,-25.238934,-170.4787,75.87192,LYI
9869616693000,4.529923,9.7672365530772,1.28733686936453,-1.63248280681901,-0.048258353,0.030848695,0.021685716,-25.236008,-170.48909,75.886536,LYI
9869622581000,4.535811,9.76210277886016,1.26166848072651,-1.65301752845047,-0.047647487,0.0571159,0.027488936,-25.230825,-170.50151,75.908226,LYI
9869626768000,4.539998,9.75801087131749,1.24385217149272,-1.6652316675501,-0.042455133,0.07238753,0.027488936,-25.226816,-170.51277,75.92707,LYI
9869631715000,4.544945,9.747634144672,1.2282865939218,-1.64966603580112,-0.032070424,0.07513642,0.028710667,-25.22426,-170.52588,75.94954,LYI
9869636692000,4.549922,9.73459069016647,1.22228127180024,-1.63060266623306,-0.022602014,0.08552113,0.01985312,-25.227097,-170.53935,75.97342,LYI
9869641723000,4.554953,9.71267634431002,1.24857848682798,-1.59992258203402,-0.02076942,0.09285152,0.013439035,-25.230484,-170.5535,75.9972,LYI
9869646891000,4.560121,9.6891654074005,1.27595842930376,-1.56963496364992,-0.009162978,0.083383106,0.01863139,-25.239319,-170.57451,76.02649,LYI
9869651686000,4.564916,9.65492466502004,1.30591888894585,-1.55679483050611,-0.021380283,0.07269296,0.009468411,-25.242268,-170.58801,76.052086,LYI
9869656776000,4.570006,9.61857734933358,1.33772258854507,-1.5431647413086,-0.04062254,0.0580322,0.0027488936,-25.237171,-170.59926,76.07568,LYI
9869661716000,4.574946,9.61114585128348,1.35265719754464,-1.53789785128348,-0.055283304,0.032986723,0.0009162979,-25.229939,-170.60857,76.09334,LYI
9869667046000,4.580276,9.60639832431176,1.36689948102679,-1.53315032431176,-0.05497787,0.02321288,-0.003970624,-25.221796,-170.61465,76.108734,LYI
9869671756000,4.584986,9.5969822860484,1.3780381318171,-1.55110938855902,-0.07086037,0.016798794,-0.005192355,-25.202581,-170.60811,76.11198,LYI
9869676722000,4.589952,9.58563237702258,1.38938806454585,-1.57607921211875,-0.07788532,-0.00061086525,-0.005497787,-25.186245,-170.60107,76.11014,LYI
9869681710000,4.59494,9.57423218648275,1.40078827889361,-1.60115965511431,-0.06536258,-0.0070249503,-0.0012217305,-25.17193,-170.59418,76.11142,LYI
9869686701000,4.599931,9.56282513937282,1.41219534982578,-1.6262551825784,-0.07086037,-0.0076358155,0.0021380284,-25.150745,-170.58588,76.11022,LYI
9869692409000,4.605639,9.57524126953833,1.41384977263034,-1.62004563046167,-0.047036625,-0.013744468,0.005497787,-25.14157,-170.5811,76.10755,LYI
9869696706000,4.609936,9.59717938106408,1.40946205869496,-1.59810751893592,-0.03848451,-0.027183503,0.007941248,-25.126627,-170.57616,76.103874,LYI
9869701717000,4.614947,9.64178966471045,1.3910586106585,-1.56465199319064,-0.03268129,-0.04062254,0.0076358155,-25.123394,-170.57118,76.09187,LYI
9869706759000,4.619989,9.69596451221196,1.36605499890394,-1.52714646677311,-0.021991149,-0.045814894,-0.0009162979,-25.124266,-170.56544,76.07805,LYI
9869711712000,4.624942,9.73262758997722,1.34773817394077,-1.5035586,-0.01038471,-0.05222898,0.004581489,-25.123692,-170.5642,76.06767,LYI
9869716706000,4.629936,9.73989044090104,1.34047522189825,-1.5035586,-0.009162978,-0.062002823,0.0021380284,-25.12376,-170.55858,76.05275,LYI
9869721695000,4.634925,9.74714602024804,1.33321954153379,-1.5035586,-0.009162978,-0.04795292,0.010079277,-25.121813,-170.56097,76.05277,LYI
9869726817000,4.640047,9.75459502353834,1.32577043453303,-1.5035586,-0.011911872,-0.034208454,0.008246681,-25.11987,-170.55997,76.0486,LYI
9869731650000,4.64488,9.75789395157553,1.3215994,-1.50530266042632,-0.023518313,-0.016187929,0.01740966,-25.104162,-170.55464,76.03734,LYI
9869736683000,4.649913,9.75566035375348,1.3215994,-1.50976976278035,-0.04520403,0.009773844,0.004886922,-25.085733,-170.54236,76.02666,LYI
9869741651000,4.654881,9.75345560231696,1.3215994,-1.51417917356812,-0.053145275,0.033292156,0.009773844,-25.065159,-170.53844,76.02325,LYI
9869746704000,4.659934,9.75121312868397,1.3215994,-1.51866402717331,-0.05100725,0.050396383,0.013744468,-25.042004,-170.53043,76.02174,LYI
9869751698000,4.664928,9.74782674748138,1.32477803346474,-1.52362039047306,-0.06169739,0.065973446,0.014660766,-25.01317,-170.52213,76.02544,LYI
9869756732000,4.669962,9.73198938217258,1.36173240035042,-1.5341788912615,-0.056199603,0.07819075,0.018020526,-24.989655,-170.51677,76.03334,LYI
9869762218000,4.675448,9.71396574420553,1.40000025696733,-1.54673595032114,-0.055283304,0.07452556,0.013439035,-24.964767,-170.50394,76.03402,LYI
9869766719000,4.679949,9.69791624155264,1.42808703324956,-1.55877309825933,-0.04642576,0.064446285,0.013439035,-24.943687,-170.49432,76.037506,LYI
9869771714000,4.684944,9.681188171123,1.45422889190848,-1.57445153499606,-0.040927973,0.058948494,0.013744468,-24.921648,-170.47992,76.037155,LYI
9869776742000,4.689972,9.67274543315508,1.44156509350399,-1.60822178161655,-0.034208454,0.047036625,0.015882496,-24.902626,-170.467,76.033966,LYI
9869782901000,4.696131,9.66333498702848,1.42593335826748,-1.64805315173699,-0.04184427,0.05222898,0.014966198,-24.881535,-170.45332,76.03292,LYI
9869786691000,4.699921,9.66694284250286,1.4151099990408,-1.65707262089856,-0.04428773,0.038179077,0.007330383,-24.864147,-170.43935,76.02478,LYI
9869791652000,4.704882,9.67166542060534,1.40094253594752,-1.66887884425227,-0.047036625,0.035124753,0.007330383,-24.850367,-170.43005,76.0183,LYI
9869796711000,4.709941,9.67648128890214,1.38649520762885,-1.68091828870831,-0.0421497,0.03481932,0.013439035,-24.838314,-170.42099,76.00966,LYI
9869801663000,4.714893,9.6811952995378,1.37235344644401,-1.69270309379752,-0.044898596,0.032375857,0.014966198,-24.82363,-170.41049,75.99952,LYI
9869806744000,4.719974,9.67580264216005,1.36313417475602,-1.69192018737801,-0.03390302,0.02443461,0.018325957,-24.818962,-170.4052,75.9942,LYI
9869811723000,4.724953,9.66804664297332,1.35537833754066,-1.68804226877033,-0.036957346,0.022296581,0.02107485,-24.80958,-170.39957,75.990036,LYI
9869816743000,4.729973,9.65942563818411,1.34854356313693,-1.6712280864437,-0.027183503,0.0009162979,0.014966198,-24.811867,-170.39807,75.978935,LYI
9869821726000,4.734956,9.64941941056825,1.34354029259803,-1.63120186988887,-0.00580322,-0.011301007,0.01282817,-24.816473,-170.399,75.97087,LYI
9869826678000,4.739908,9.63973179522353,1.34692267831837,-1.59245100300997,0.006414085,-0.025045475,0.016187929,-24.821424,-170.40076,75.95909,LYI
9869832001000,4.745231,9.62966994364946,1.36201514049146,-1.55220438468371,0.009468411,-0.032986723,0.01740966,-24.82999,-170.40207,75.94556,LYI
9869836661000,4.749891,9.63040990155237,1.37329605411672,-1.51703838353311,0.010995574,-0.046120327,0.004276057,-24.837702,-170.40425,75.93461,LYI
9869841731000,4.754961,9.6447212692081,1.38283709872274,-1.47887420510906,-0.007330383,-0.06688975,-0.003970624,-24.840462,-170.40723,75.92186,LYI
9869846656000,4.759886,9.66105627305936,1.38948534694064,-1.45652295579909,-0.015577064,-0.070249505,-0.003970624,-24.8400492437244,-170.407412243224,75.9171758565857,LYI
9869851730000,4.76496,9.68207709536169,1.3918209477962,-1.45885858104302,-0.020158553,-0.07422013,0.0009162979,-24.839624,-170.4076,75.91235,LYI
9869856738000,4.769968,9.70282448954578,1.39412616834895,-1.46116382566691,-0.03268129,-0.06872234,-0.00061086525,-24.834217,-170.40309,75.89884,LYI
9869861635000,4.774865,9.7231120273492,1.39638029475607,-1.46341797561163,-0.059864793,-0.05375614,0.004581489,-24.82321,-170.39807,75.895905,LYI
9869866619000,4.779849,9.74053780231548,1.39451419135552,-1.46987579787747,-0.06261369,-0.03481932,0.0021380284,-24.815958,-170.39136,75.893456,LYI
9869871630000,4.78486,9.74516735716353,1.37599447325615,-1.49302550593343,-0.070554934,-0.01038471,0.01282817,-24.799122,-170.38832,75.899086,LYI
9869876650000,4.78988,9.74792062718427,1.35356453062947,-1.51947746937053,-0.059864793,0.018020526,0.014966198,-24.787031,-170.38342,75.90789,LYI
9869881601000,4.794831,9.73850576389992,1.30648869036934,-1.56655330963066,-0.058337633,0.043676864,0.02107485,-24.769787,-170.38185,75.923935,LYI
9869886614000,4.799844,9.72951477100574,1.26622337787947,-1.60733984567228,-0.05131268,0.06872234,0.024129177,-24.766682,-170.37642,75.93891,LYI
9869891637000,4.804867,9.72483116950638,1.28495744154415,-1.59328933460228,-0.04795292,0.07971791,0.030848695,-24.762564,-170.37381,75.957825,LYI
9869896697000,4.809927,9.719051114815,1.30279777313388,-1.57964514029917,-0.041233405,0.0842994,0.034208454,-24.769218,-170.37778,75.976074,LYI
9869901636000,4.814866,9.70030840611224,1.30748347477339,-1.57261658783991,-0.038789943,0.0983493,0.032375857,-24.775335,-170.38203,75.99828,LYI
9869906843000,4.820073,9.68054868061816,1.31242343193818,-1.56520665209272,-0.029932396,0.1001819,0.0290161,-24.78658,-170.3825,76.018936,LYI
9869911660000,4.82489,9.66226894224578,1.31699339039081,-1.55835171441379,-0.030848695,0.092240654,0.03359759,-24.795206,-170.38437,76.040985,LYI
9869916893000,4.830123,9.64316745816957,1.32464827102751,-1.55245899152162,-0.03634648,0.08674286,0.022602014,-24.805204,-170.38116,76.05947,LYI
9869921671000,4.834901,9.63460318603781,1.36318664607898,-1.56530513144301,-0.05222898,0.065973446,0.022602014,-24.811192,-170.38182,76.07562,LYI
9869926620000,4.83985,9.62573240688752,1.40310427230956,-1.57861102229085,-0.04917465,0.048258353,0.01985312,-24.819153,-170.37727,76.08784,LYI
9869931637000,4.844867,9.624691,1.39500223664459,-1.59509276654626,-0.057421334,0.02565634,0.018325957,-24.819128,-170.37192,76.09472,LYI
9869936638000,4.849868,9.624691,1.38058517058499,-1.61191270622115,-0.04153884,0.017104227,0.01282817,-24.82686,-170.36627,76.09936,LYI
9869941646000,4.854876,9.624691,1.36614792466887,-1.62875618910295,-0.025350908,0.009468411,0.015577064,-24.834633,-170.36177,76.10243,LYI
9869946610000,4.85984,9.624691,1.35183752356512,-1.64545168611278,-0.028710667,-0.02107485,0.01038471,-24.841516,-170.3536,76.09639,LYI
9869951621000,4.864851,9.63216995876109,1.32415391289368,-1.66216834419697,-0.03023783,-0.024129177,0.0067195175,-24.858604,-170.34404,76.09402,LYI
9869956661000,4.869891,9.64056878945537,1.2947585316513,-1.67896569864277,-0.01863139,-0.038179077,0.0061086523,-24.878246,-170.33484,76.083,LYI
9869961706000,4.874936,9.65250987119209,1.28618039092957,-1.66529965556862,-0.018936822,-0.056505036,0.0018325958,-24.899994,-170.32787,76.067764,LYI
9869966761000,4.879991,9.66673556910569,1.29092245528455,-1.63210584878049,-0.0061086523,-0.070554934,0.009773844,-24.928162,-170.32582,76.053276,LYI
9869971711000,4.884941,9.6781662021525,1.29566454269469,-1.60729812922124,-0.021380283,-0.0842994,0.013439035,-24.944544,-170.32545,76.03084,LYI
9869976700000,4.88993,9.68786863955732,1.30051566008732,-1.58789365965073,-0.0290161,-0.08979719,0.013744468,-24.966494,-170.3276,76.00876,LYI
9869982871000,4.896101,9.69966156732957,1.30641220791531,-1.56034101900663,-0.03268129,-0.1020145,0.015882496,-24.980232,-170.32945,75.987686,LYI
9869986738000,4.899968,9.70698962224201,1.31007635015336,-1.54202026955575,-0.03481932,-0.082161374,0.01038471,-24.992445,-170.32912,75.97129,LYI
9869991761000,4.904991,9.71922289557055,1.32036332138457,-1.54340999087709,-0.043982297,-0.06719518,0.010079277,-24.99857,-170.3294,75.9554,LYI
9869996716000,4.909946,9.73314311704312,1.33428325215606,-1.56196994702259,-0.04917465,-0.06414085,0.010995574,-25.005356,-170.3288,75.94086,LYI
9870001698000,4.914928,9.73708598502906,1.33822603780164,-1.59081199758692,-0.046120327,-0.032375857,0.01740966,-25.005028,-170.32922,75.9383,LYI
9870006702000,4.919932,9.73236587195903,1.33350602330346,-1.62857211357234,-0.05222898,-0.0015271631,0.019242255,-25.000816,-170.32806,75.93587,LYI
9870011729000,4.924959,9.72048480527522,1.33595175996295,-1.64959849244795,-0.05009095,0.03176499,0.017715093,-25.002308,-170.3286,75.940544,LYI
9870016773000,4.930003,9.70164388771878,1.34537214496612,-1.65430870954122,-0.05681047,0.06047566,0.022296581,-24.999287,-170.33066,75.95218,LYI
9870021727000,4.934957,9.68313914831066,1.3546244422115,-1.65893488231681,-0.05467244,0.102319926,0.028710667,-25.004574,-170.33514,75.96955,LYI
9870026752000,4.939982,9.66436920169665,1.36400934202135,-1.66362735672078,-0.054061573,0.12705997,0.030543262,-25.007364,-170.33914,75.98893,LYI
9870031723000,4.944953,9.63845904709937,1.37135363434808,-1.67010490775416,-0.04428773,0.13988814,0.02321288,-25.007103,-170.33871,76.00609,LYI
9870036746000,4.949976,9.60161890522688,1.37595862803944,-1.67931499130768,-0.040011674,0.13897185,0.016493361,-25.005243,-170.33868,76.0254,LYI
9870041707000,4.954937,9.56078134740191,1.38386779577943,-1.67590259170732,-0.0290161,0.12217305,0.015577064,-25.00849,-170.3366,76.04004,LYI
9870046747000,4.959977,9.50959675355249,1.39922317393425,-1.64519178195122,-0.01282817,0.10170906,0.0143553335,-25.01442,-170.33316,76.051865,LYI
9870051707000,4.964937,9.47532386386368,1.4058854280978,-1.61281652478237,0.0030543262,0.07269296,-0.003970624,-25.025103,-170.32455,76.05227,LYI
9870056701000,4.969931,9.46203643841452,1.40145622461567,-1.57738289692536,-0.0018325958,0.03481932,-0.011301007,-25.033972,-170.31863,76.04843,LYI
9870061720000,4.97495,9.45696334489214,1.39006856606347,-1.54562472635942,-0.004886922,-0.01282817,-0.021380283,-25.047476,-170.30743,76.03754,LYI
9870066732000,4.979962,9.4740782213407,1.36011742058299,-1.52423097442503,-0.011301007,-0.05955936,-0.0143553335,-25.05814,-170.29898,76.02127,LYI
9870072009000,4.985239,9.49707278539725,1.33163739964492,-1.50401979964492,-0.032375857,-0.10903945,-0.020158553,-25.05979,-170.28282,75.994354,LYI
9870076718000,4.989948,9.56713039469596,1.33664152205948,-1.50902392205948,-0.04184427,-0.14446963,-0.021685716,-25.062634,-170.2706,75.96375,LYI
9870081732000,4.994962,9.64026395398599,1.3376384092028,-1.52247918323234,-0.057421334,-0.15485434,-0.020463986,-25.058485,-170.26044,75.9347,LYI
9870086745000,4.999975,9.70844493069495,1.32400221386101,-1.56338781672032,-0.06414085,-0.15027285,-0.01160644,-25.054253,-170.25243,75.9038,LYI
9870091681000,5.004911,9.77227875202781,1.31399048628814,-1.60375444928544,-0.076052725,-0.1459968,-0.0076358155,-25.043999,-170.24333,75.87226,LYI
9870096735000,5.009965,9.809668396292,1.33268540602549,-1.6458180674971,-0.076358154,-0.12583824,-0.0070249503,-25.035343,-170.2364,75.8471,LYI
9870101878000,5.015108,9.84366263357188,1.35130057651055,-1.68810674637195,-0.07666359,-0.076358154,0.0018325958,-25.026417,-170.23714,75.83007,LYI
9870106749000,5.019979,9.82675952667814,1.36397792874355,-1.72191313666093,-0.06078109,-0.03268129,0.0033597588,-25.022568,-170.23692,75.815506,LYI
9870111727000,5.024957,9.80948511359724,1.37693376110155,-1.75646214320138,-0.051923547,0.023823744,0.008552114,-25.020414,-170.2396,75.812454,LYI
9870116785000,5.030015,9.75057385848126,1.37505469716963,-1.74611062138067,-0.036651913,0.07544186,0.014966198,-25.024618,-170.24419,75.8182,LYI
9870121675000,5.034905,9.68591638806706,1.37043634776134,-1.72763703084813,-0.018020526,0.118507855,0.0125227375,-25.032341,-170.24825,75.832924,LYI
9870126689000,5.039919,9.61109098019802,1.38033345671853,-1.68765818062235,0.00061086525,0.13500121,0.006414085,-25.048447,-170.25298,75.847626,LYI
9870131678000,5.044908,9.53450077425743,1.39384929516266,-1.64260518195191,-0.008857546,0.13897185,0.0015271631,-25.061491,-170.25671,75.867676,LYI
9870136696000,5.049926,9.49028669682042,1.4047078519182,-1.61019821189232,-0.009162978,0.1282817,0.00030543262,-25.080732,-170.26004,75.8871,LYI
9870141726000,5.054956,9.46152356650246,1.41429563711002,-1.58383184641489,-0.0027488936,0.101098195,-0.01160644,-25.099186,-170.25883,75.900154,LYI
9870146710000,5.05994,9.43302347872817,1.42379574076728,-1.55770660475693,-0.01160644,0.07147124,-0.02443461,-25.112665,-170.26166,75.924065,LYI
9870151684000,5.064914,9.40458057411554,1.43327678322138,-1.5316337813206,-0.0143553335,0.032986723,-0.03359759,-25.129461,-170.26268,75.938065,LYI
9870156832000,5.070062,9.41759635076317,1.43002144697194,-1.5357114078582,-0.038179077,-0.0027488936,-0.030543262,-25.136585,-170.25897,75.94237,LYI
9870161756000,5.074986,9.45010153914328,1.42073421565731,-1.55428601595273,-0.039095376,-0.034513887,-0.03573562,-25.149649,-170.25165,75.93605,LYI
9870166786000,5.080016,9.51505321927573,1.40259857076324,-1.56692705935748,-0.05467244,-0.056505036,-0.05131268,-25.1446,-170.23575,75.92556,LYI
9870171720000,5.08495,9.59589512802965,1.38014251626271,-1.57590946239901,-0.05681047,-0.08002335,-0.041233405,-25.142548,-170.22665,75.912704,LYI
9870176720000,5.08995,9.67777446146886,1.36436498962449,-1.58657111296939,-0.058643065,-0.10170906,-0.038789943,-25.13949,-170.21306,75.89133,LYI
9870182866000,5.096096,9.77837292354094,1.35252986917006,-1.60136501353743,-0.058643065,-0.10293079,-0.03634648,-25.136198,-170.20271,75.87203,LYI
9870186678000,5.099908,9.84076819484241,1.34518924450812,-1.61054079436485,-0.050396383,-0.089186326,-0.021380283,-25.133917,-170.19963,75.854805,LYI
9870191696000,5.104926,9.9229034181873,1.33552627112049,-1.62261951109938,-0.05589417,-0.08399397,-0.014660766,-25.128098,-170.19455,75.83523,LYI
9870196707000,5.109937,9.97277300861057,1.32601859655577,-1.64352993726027,-0.056505036,-0.04795292,-0.0030543262,-25.129908,-170.19963,75.835335,LYI
9870201691000,5.114921,9.99612465792564,1.31667793682975,-1.67155196520548,-0.06383542,-0.017104227,0.009773844,-25.128115,-170.20631,75.837296,LYI
9870206698000,5.119928,9.99580621733967,1.30723988693587,-1.69747478266033,-0.05589417,0.03573562,0.023823744,-25.129253,-170.22372,75.85666,LYI
9870211720000,5.12495,9.97200639073634,1.29771995629454,-1.72127460926366,-0.061086524,0.07696902,0.035430185,-25.124342,-170.24243,75.881546,LYI
9870216754000,5.129984,9.93535302439025,1.29637270731707,-1.71121184146341,-0.056199603,0.0983493,0.04886922,-25.128054,-170.26825,75.91386,LYI
9870221725000,5.134955,9.88609297398374,1.30340985037694,-1.66664324425721,-0.049785517,0.109650314,0.05589417,-25.130457,-170.29443,75.952385,LYI
9870226701000,5.139931,9.83678337615176,1.31045407163341,-1.62202981844789,-0.038789943,0.116980694,0.06169739,-25.139029,-170.3251,75.99306,LYI
9870231709000,5.144939,9.78715667479675,1.31754359334812,-1.57712948957871,-0.031154128,0.1142318,0.06536258,-25.148115,-170.35625,76.033516,LYI
9870236699000,5.149929,9.73448369662921,1.32564647169136,-1.5615603792284,-0.021685716,0.106901415,0.070554934,-25.16039,-170.389,76.07451,LYI
9870241742000,5.154972,9.67685750561798,1.33525088700408,-1.58557141751019,-0.036957346,0.07696902,0.06719518,-25.167645,-170.41841,76.10786,LYI
9870246665000,5.159895,9.63426631628639,1.35033168371361,-1.60124243674272,-0.028710667,0.06383542,0.059864793,-25.169415,-170.441,76.14394,LYI
9870251704000,5.164934,9.61053623406766,1.37406176593234,-1.60598845318647,-0.031154128,0.04917465,0.056199603,-25.163757,-170.46156,76.172554,LYI
9870256647000,5.169877,9.58568441740056,1.40405182024581,-1.61918006471499,-0.036651913,0.040011674,0.053450707,-25.162926,-170.47874,76.19292,LYI
9870261717000,5.174947,9.55749054630795,1.44634247968644,-1.64737388674151,-0.044593163,0.033292156,0.038179077,-25.16113,-170.49057,76.20693,LYI
9870266708000,5.179938,9.5385,1.47107278689226,-1.66035571863648,-0.044898596,0.023518313,0.022907447,-25.156887,-170.49963,76.21501,LYI
9870271712000,5.184942,9.5385,1.45914887369993,-1.64127739278427,-0.038789943,-0.0030543262,0.008857546,-25.152693,-170.50438,76.2152,LYI
9870276686000,5.189916,9.5385,1.44729644679771,-1.62231344538442,-0.024740042,-0.016798794,0.009162978,-25.152235,-170.50464,76.20968,LYI
9870281749000,5.194979,9.5385,1.43523194390147,-1.6030101752426,-0.018936822,-0.035430185,0.009162978,-25.1520838808093,-170.500938086939,76.1994262079327,LYI
9870286670000,5.1999,9.5462571543643,1.42306570931799,-1.58199275913556,-0.019242255,-0.05100725,-0.0033597588,-25.151937,-170.49734,76.18946,LYI
9870291719000,5.204949,9.57339913106932,1.40949467373,-1.55485082966601,-0.021380283,-0.08093964,-0.00580322,-25.153254,-170.4935,76.169785,LYI
9870296687000,5.209917,9.60022200413581,1.39466282119842,-1.53015846826969,-0.025961773,-0.10476339,-0.00580322,-25.1518874141698,-170.493733987374,76.158904587133,LYI
9870301698000,5.214928,9.62791576772146,1.37158441176301,-1.51631139369049,-0.024129177,-0.122783914,0.0012217305,-25.150509,-170.49397,76.14793,LYI
9870306726000,5.219956,9.65569390422373,1.34692045157552,-1.5039374160521,-0.022602014,-0.13103059,-0.00030543262,-25.14891,-170.49161,76.125336,LYI
9870311714000,5.224944,9.68314486371037,1.30574410789196,-1.50851256004214,-0.032070424,-0.1337795,0.0070249503,-25.14012,-170.4943,76.10368,LYI
9870317158000,5.230388,9.7128000186397,1.26528931518937,-1.51351900372794,-0.029932396,-0.116675265,0.0106901415,-25.134802,-170.49896,76.0878,LYI
9870321721000,5.234951,9.73446318461233,1.27828726001388,-1.51785163692247,-0.04917465,-0.09865474,0.007330383,-25.121065,-170.5021,76.07225,LYI
9870327058000,5.240288,9.75832691278744,1.29330809332586,-1.52417584594784,-0.03940081,-0.06872234,0.0125227375,-25.11854,-170.51546,76.06785,LYI
9870331745000,5.244975,9.74888653771733,1.30274859983174,-1.55564423382642,-0.059253927,-0.022296581,0.02107485,-25.102434,-170.52608,76.07099,LYI
9870336693000,5.249923,9.73892046648906,1.31271480981492,-1.58886496845906,-0.06811147,0.015577064,0.018936822,-25.092068,-170.53471,76.077,LYI
9870341732000,5.254962,9.72743468927336,1.32628175387543,-1.62056135401384,-0.06841691,0.052839845,0.021991149,-25.078316,-170.54628,76.095055,LYI
9870346707000,5.259937,9.70682717197232,1.36337524198097,-1.637047410891,-0.062308256,0.09712757,0.017715093,-25.064322,-170.55469,76.1202,LYI
9870351660000,5.26489,9.686310783391,1.40030469858131,-1.65346056460208,-0.0571159,0.13408493,0.017104227,-25.055302,-170.56425,76.14624,LYI
9870356726000,5.269956,9.65464332680069,1.42350973010405,-1.63713862392161,-0.048563786,0.14508049,0.01985312,-25.048965,-170.57372,76.17515,LYI
9870361647000,5.274877,9.62131733447823,1.44255314008486,-1.61333443601374,-0.04917465,0.14538592,0.007941248,-25.0418,-170.57834,76.205536,LYI
9870366784000,5.280014,9.60399857103575,1.46091863960587,-1.61260869457379,-0.05467244,0.13927728,0.0027488936,-25.030773,-170.58755,76.23735,LYI
9870371724000,5.284954,9.59098975343722,1.47826392594867,-1.61694502747938,-0.049480084,0.13652839,-0.004581489,-25.022924,-170.59296,76.2662,LYI
9870376710000,5.28994,9.59193939973118,1.48996057376344,-1.6351470502957,-0.050396383,0.1160644,-0.008857546,-25.008009,-170.59344,76.289185,LYI
9870382888000,5.296118,9.6025421984767,1.5005637046595,-1.66695649834229,-0.06780604,0.08857546,-0.010995574,-24.98997,-170.59181,76.30837,LYI
9870386698000,5.299928,9.60343847086915,1.49936119110687,-1.68643472223283,-0.062002823,0.0711658,-0.025350908,-24.978405,-170.58434,76.31962,LYI
9870391720000,5.30495,9.59833492932187,1.48915325529025,-1.71195456177438,-0.045814894,0.03940081,-0.023518313,-24.964579,-170.58054,76.32473,LYI
9870396744000,5.309974,9.60863451240646,1.47680089255612,-1.73903344135486,-0.050396383,0.005192355,-0.01985312,-24.95511,-170.57326,76.32328,LYI
9870401756000,5.314986,9.63226533241434,1.4626224005514,-1.76739047471445,-0.05497787,-0.026267206,-0.025961773,-24.950476,-170.56476,76.314354,LYI
9870406695000,5.319925,9.65321237059287,1.45099089025015,-1.77191865604688,-0.040011674,-0.038789943,-0.018020526,-24.950453,-170.56744,76.306206,LYI
9870411714000,5.324944,9.67214705968091,1.44152349627733,-1.75298381867244,-0.03268129,-0.073303826,-0.021991149,-24.947649,-170.56458,76.283936,LYI
9870416814000,5.330044,9.69858895673077,1.42243202932692,-1.73358616923077,-0.020158553,-0.07788532,-0.020158553,-24.954573,-170.56955,76.26708,LYI
9870421736000,5.334966,9.73163744571314,1.39410445022035,-1.71470114935897,-0.014049901,-0.102319926,-0.016798794,-24.961996,-170.57394,76.23917,LYI
9870426699000,5.339929,9.75485083884228,1.36584943829698,-1.69334813908557,-0.017104227,-0.109650314,-0.0125227375,-24.972647,-170.57896,76.219154,LYI
9870431714000,5.344944,9.76693858758389,1.33764532231544,-1.66917310439597,-0.012217305,-0.116980694,-0.00030543262,-24.98705,-170.5879,76.19692,LYI
9870436697000,5.349927,9.78032194292707,1.31042130610866,-1.64520908786099,-0.016798794,-0.12064589,0.005497787,-24.996872,-170.59877,76.17863,LYI
9870441756000,5.354986,9.8087796227117,1.29144953609398,-1.62149443724914,-0.0125227375,-0.11209377,0.008552114,-25.010447,-170.61275,76.16362,LYI
9870446838000,5.360068,9.83508033466738,1.27612057556919,-1.59872538189257,-0.024740042,-0.103847094,0.015271631,-25.018309,-170.62843,76.15359,LYI
9870451747000,5.364977,9.83089912753469,1.30956957774813,-1.59036314226254,-0.01863139,-0.0870483,0.032986723,-25.032259,-170.64888,76.15007,LYI
9870456761000,5.369991,9.82662848737104,1.3437340301672,-1.58182204030594,-0.029932396,-0.06414085,0.030848695,-25.042307,-170.65901,76.14803,LYI
9870461799000,5.375029,9.81058886483849,1.3579374072997,-1.59158451094955,-0.030848695,-0.0290161,0.03726278,-25.05624,-170.67697,76.15709,LYI
9870466690000,5.37992,9.79230453410754,1.36707962039621,-1.60529783059432,-0.03268129,0.0012217305,0.048258353,-25.066551,-170.69458,76.17019,LYI
9870471763000,5.384993,9.76567104142427,1.37312100911735,-1.62345408840522,-0.03970624,0.03848451,0.04734206,-25.063822,-170.71016,76.19052,LYI
9870476655000,5.389885,9.73747653671013,1.37782002781344,-1.64225035945838,-0.04550946,0.06963864,0.056505036,-25.06031,-170.73099,76.21932,LYI
9870481751000,5.394981,9.72296223798893,1.38967052143065,-1.66135796550519,-0.051618114,0.09162979,0.05589417,-25.06171,-170.73936,76.2436,LYI
9870486680000,5.39991,9.71379888110259,1.40341526971756,-1.67968434439484,-0.04428773,0.10354166,0.061391957,-25.064692,-170.75204,76.274376,LYI
9870491768000,5.404998,9.69737475220441,1.4111674001002,-1.68214117042084,-0.04642576,0.11759156,0.056505036,-25.061846,-170.75912,76.30107,LYI
9870496726000,5.409956,9.67834408026052,1.41592519228457,-1.67738347759519,-0.043066,0.12461651,0.057726767,-25.062168,-170.76976,76.33018,LYI
9870501746000,5.414976,9.66276305496213,1.4010139964362,-1.66285839031851,-0.03970624,0.124311075,0.05467244,-25.063648,-170.77623,76.35503,LYI
9870506715000,5.419945,9.64890023014178,1.37790891846961,-1.64437431829481,-0.03481932,0.10903945,0.05681047,-25.066145,-170.78447,76.37862,LYI
9870511746000,5.424976,9.64844792006769,1.35260577541808,-1.62996225974517,-0.03359759,0.07819075,0.05100725,-25.072971,-170.78293,76.39252,LYI
9870516805000,5.430035,9.65568189727255,1.32608079785984,-1.61790546320924,-0.026267206,0.05467244,0.047036625,-25.082552,-170.78305,76.40495,LYI
9870521723000,5.434953,9.66271425542505,1.30029510115469,-1.60618470310571,-0.03726278,0.026572637,0.044898596,-25.082375,-170.7894,76.41605,LYI
9870526752000,5.439982,9.66990533495919,1.27392741739498,-1.59419940368306,-0.03970624,-0.003970624,0.054061573,-25.086397,-170.79843,76.422806,LYI
9870531735000,5.444965,9.69123930456251,1.27003250765027,-1.59171456579762,-0.03390302,-0.027183503,0.05100725,-25.08926,-170.80013,76.418755,LYI
9870536739000,5.449969,9.72121240470077,1.27949772404372,-1.59486963243795,-0.038789943,-0.063224554,0.061086524,-25.08781,-170.80736,76.41009,LYI
9870541757000,5.454987,9.75126936243334,1.28898942185792,-1.59803352620317,-0.042455133,-0.09712757,0.06719518,-25.093153,-170.81644,76.40183,LYI
9870546752000,5.459982,9.78118855411811,1.29843761448087,-1.60118291826322,-0.030848695,-0.116675265,0.079107046,-25.101093,-170.83034,76.39235,LYI
9870551719000,5.464949,9.81094003061426,1.3078328442623,-1.60431465607347,-0.03176499,-0.12705997,0.087659165,-25.10513,-170.84467,76.379585,LYI
9870556741000,5.469971,9.84102094765949,1.31733210819672,-1.60748107187438,-0.030848695,-0.11942416,0.093462385,-25.112896,-170.86192,76.36863,LYI
9870561746000,5.474976,9.85185411675489,1.32695905456026,-1.64106145534406,-0.036651913,-0.09315695,0.09162979,-25.118649,-170.87866,76.35998,LYI
9870566765000,5.479995,9.84696130700326,1.33674446970684,-1.6997739973127,-0.043676864,-0.064446285,0.098043874,-25.124071,-170.89891,76.356445,LYI
9870571745000,5.484975,9.81774891294209,1.35163620641275,-1.74559169805674,-0.036651913,-0.01740966,0.096516706,-25.130558,-170.91454,76.36059,LYI
9870576767000,5.489997,9.77101874426739,1.37032822508745,-1.78297588179168,-0.022907447,0.033292156,0.096516706,-25.136835,-170.93187,76.37303,LYI
9870582897000,5.496127,9.69754610504886,1.39012645114007,-1.78199574291531,-0.016187929,0.08124508,0.08552113,-25.154966,-170.94653,76.388725,LYI
9870586749000,5.499979,9.64497516653094,1.40139166905537,-1.76322034051303,-0.0143553335,0.09590584,0.086437434,-25.174974,-170.96448,76.409706,LYI
9870591782000,5.505012,9.57470566106387,1.41317833478347,-1.73100448590073,-0.015882496,0.12095132,0.08277224,-25.194885,-170.98364,76.43787,LYI
9870596813000,5.510043,9.50324894641092,1.42270599622306,-1.69289423808582,0.0067195175,0.12889257,0.06688975,-25.222136,-171.0003,76.46237,LYI
9870601748000,5.514978,9.44585614137008,1.43206547172598,-1.6477747287697,0.00030543262,0.119729586,0.051923547,-25.240688,-171.0087,76.48637,LYI
9870606719000,5.519949,9.39866047090314,1.44150460581937,-1.59585944197482,-0.00061086525,0.098043874,0.04153884,-25.26699,-171.01506,76.50625,LYI
9870611772000,5.525002,9.37200380543229,1.4399474644024,-1.57182638198176,-0.006414085,0.08368854,0.031154128,-25.278841,-171.01704,76.523994,LYI
9870616769000,5.529999,9.36500308323987,1.42827938289852,-1.57415998853562,-0.014966198,0.051618114,0.02565634,-25.289463,-171.01724,76.53172,LYI
9870621724000,5.534954,9.35806120241869,1.41670937212171,-1.57647398102599,-0.029932396,0.012217305,0.013439035,-25.285465,-171.00795,76.531624,LYI
9870626751000,5.539981,9.35101845067538,1.4049712400985,-1.5788215976252,-0.03970624,-0.017715093,0.00580322,-25.28048,-170.99844,76.52649,LYI
9870631760000,5.54499,9.37866810242614,1.37839868253766,-1.5920621228918,-0.050396383,-0.038179077,0.008552114,-25.27618,-170.98624,76.515755,LYI
9870636744000,5.549974,9.45337885726864,1.33170457046566,-1.62007861938955,-0.055283304,-0.06169739,0.0067195175,-25.271147,-170.97087,76.49619,LYI
9870641737000,5.554967,9.52617706570629,1.29316574331019,-1.64134593430407,-0.055588737,-0.07849618,0.010079277,-25.26648,-170.96068,76.476326,LYI
9870646736000,5.559966,9.59563928199814,1.26835772010571,-1.65126917467095,-0.043982297,-0.09162979,0.015882496,-25.263973,-170.95143,76.4531,LYI
9870651727000,5.564957,9.66568388249258,1.23571217050445,-1.65469318596439,-0.03848451,-0.09621128,0.018936822,-25.270971,-170.94891,76.43268,LYI
9870656850000,5.57008,9.73847608783383,1.1920368472997,-1.64984032160237,-0.03634648,-0.1020145,0.028099801,-25.280025,-170.95033,76.41213,LYI
9870661705000,5.574935,9.79536971165644,1.15673731165644,-1.63945525460123,-0.032070424,-0.110872045,0.03970624,-25.288689,-170.95786,76.39166,LYI
9870666762000,5.579992,9.83781472937969,1.12844051826858,-1.62059075850618,-0.029626964,-0.09987647,0.053145275,-25.29724,-170.96844,76.37686,LYI
9870671688000,5.584918,9.88771862790926,1.10922333834823,-1.60047219174114,-0.023823744,-0.093767814,0.06078109,-25.308992,-170.98672,76.365555,LYI
9870676748000,5.589978,9.95434138151822,1.10446456313464,-1.57667831567318,-0.022907447,-0.093462385,0.07727446,-25.31948,-171.01068,76.35973,LYI
9870681644000,5.594874,10.0023888923867,1.09853088149463,-1.55261372985521,-0.022907447,-0.09132435,0.089186326,-25.329645,-171.03812,76.360306,LYI
9870686733000,5.599963,10.016046950724,1.08942554096217,-1.52529766071929,-0.019547688,-0.083383106,0.0888809,-25.341,-171.06616,76.36277,LYI
9870691668000,5.604898,10.0338134415624,1.08390343314007,-1.49924801714983,-0.011301007,-0.07574729,0.1020145,-25.349508,-171.1013,76.37468,LYI
9870696744000,5.609974,10.0733714928288,1.09379293304852,-1.4745242673787,-0.018020526,-0.0580322,0.10567969,-25.355099,-171.13214,76.388145,LYI
9870701708000,5.614938,10.1015781131407,1.10426206911463,-1.46641526361603,-0.0027488936,-0.032375857,0.11301007,-25.359407,-171.17403,76.413635,LYI
9870706738000,5.619968,10.0925991178006,1.11773028085741,-1.51579875355079,-0.016798794,0.004581489,0.13225232,-25.353144,-171.2171,76.447426,LYI
9870711786000,5.625016,10.085263777836,1.13139333897559,-1.56367977795119,-0.015882496,0.048258353,0.13408493,-25.351831,-171.25609,76.48831,LYI
9870716784000,5.630014,10.0952911887504,1.14643414123809,-1.59376138247617,-0.014660766,0.09468412,0.13958271,-25.346006,-171.29932,76.540634,LYI
9870721731000,5.634961,10.0969638369906,1.15905628926332,-1.62268328706897,-0.021991149,0.1414153,0.1441642,-25.343739,-171.3408,76.59448,LYI
9870726736000,5.639966,10.0578344907262,1.16062147945729,-1.64772608502155,-0.033292156,0.1966986,0.15057829,-25.34036,-171.38274,76.65984,LYI
9870731736000,5.644966,10.0187442347179,1.16218510602469,-1.67274386519397,-0.03145956,0.2489276,0.15577064,-25.346077,-171.4221,76.73068,LYI
9870736748000,5.649978,9.97956016209509,1.16375248529585,-1.69782168803879,-0.015882496,0.29168814,0.15454891,-25.35219,-171.46014,76.809105,LYI
9870741816000,5.655046,9.93993827860502,1.16533737718456,-1.72317971002155,-0.025045475,0.30970868,0.14874569,-25.34694,-171.49199,76.88496,LYI
9870746744000,5.659974,9.90141092228318,1.16687848752939,-1.74783723415948,-0.02076942,0.3200934,0.15149458,-25.349304,-171.52602,76.967094,LYI
9870751879000,5.665109,9.85969109636204,1.16701052173023,-1.77204919723008,-0.021380283,0.30268374,0.14263703,-25.349781,-171.54408,77.03292,LYI
9870756844000,5.670074,9.79940312503657,1.14846026868234,-1.77668679681069,-0.016493361,0.2846632,0.1386664,-25.352362,-171.5639,77.09983,LYI
9870762131000,5.675361,9.73644747605172,1.12911354281552,-1.77495504549262,-0.009162978,0.23854288,0.12003502,-25.363758,-171.57709,77.138145,LYI
9870766751000,5.679981,9.69615898943726,1.11702699683118,-1.69437798812602,-0.0076358155,0.18448131,0.12186762,-25.373997,-171.59427,77.17243,LYI
9870771729000,5.684959,9.65274858113276,1.10400387433983,-1.60755708085959,-0.004581489,0.11636983,0.12858713,-25.39405,-171.60721,77.18918,LYI
9870776789000,5.690019,9.64026337935185,1.09297584721296,-1.59213759723457,0.002443461,0.054367006,0.12889257,-25.415453,-171.6188,77.19405,LYI
9870782928000,5.696158,9.63481956425926,1.08027385831481,-1.59576673150617,0.007330383,0.0015271631,0.118202426,-25.43702,-171.62895,77.18514,LYI
9870786663000,5.699893,9.63150751842593,1.07254590123148,-1.59797471595062,-0.003970624,-0.027488936,0.11453723,-25.445383,-171.63869,77.17898,LYI
9870791742000,5.704972,9.62700366814815,1.06203712103704,-1.60097722009877,-0.010995574,-0.08155051,0.11759156,-25.456469,-171.64763,77.1555,LYI
9870796636000,5.709866,9.62266386833333,1.05191111783333,-1.60387035955556,-0.019547688,-0.12095132,0.112399206,-25.46433,-171.65253,77.127174,LYI
9870801718000,5.714948,9.61815735777778,1.04139613044444,-1.60687463718519,-0.01282817,-0.1337795,0.10629055,-25.474707,-171.65839,77.0941,LYI
9870806708000,5.719938,9.61298321787976,1.03713618979864,-1.60961377059552,-0.018020526,-0.14782938,0.10567969,-25.471159,-171.67929,77.06543,LYI
9870811771000,5.725001,9.60605885980863,1.04636881986957,-1.61192192208788,-0.024129177,-0.1432479,0.10262536,-25.470001,-171.69766,77.037155,LYI
9870816726000,5.729956,9.59928220678821,1.05540450661684,-1.61418083787785,-0.029932396,-0.14049901,0.1001819,-25.465223,-171.7252,77.00942,LYI
9870821717000,5.734947,9.59245631875089,1.06450584113867,-1.61645616556862,-0.014049901,-0.11636983,0.09468412,-25.465693,-171.7511,76.98685,LYI
9870826709000,5.739939,9.58690483783251,1.07728984260099,-1.61795947304434,-0.017104227,-0.098043874,0.083383106,-25.462914,-171.7704,76.96176,LYI
9870831724000,5.744954,9.59163672502463,1.11987593797044,-1.61322768466995,-0.014660766,-0.067500606,0.07941248,-25.466568,-171.79077,76.94557,LYI
9870836689000,5.749919,9.59341162060727,1.16534911550025,-1.61218125775012,-0.029626964,-0.030543262,0.07696902,-25.47075,-171.80612,76.93618,LYI
9870841721000,5.754951,9.55982921981085,1.25170344533599,-1.65535842266799,-0.03604105,0.023518313,0.06536258,-25.478592,-171.818,76.93526,LYI
9870846712000,5.759942,9.52450120836622,1.33321703346488,-1.69917647048145,-0.031154128,0.09193522,0.06047566,-25.47957,-171.82562,76.944115,LYI
9870851740000,5.76497,9.46274351854775,1.361720674191,-1.75618380153907,-0.044898596,0.15149458,0.048258353,-25.474056,-171.8265,76.959496,LYI
9870856850000,5.77008,9.39959703700388,1.39174067197851,-1.81174076221029,-0.04795292,0.21624629,0.028099801,-25.478127,-171.82011,76.985435,LYI
9870861738000,5.774968,9.3344061996419,1.43364881736795,-1.83502306520442,-0.05467244,0.2874121,0.025045475,-25.476784,-171.81429,77.026024,LYI
9870866903000,5.780133,9.2666548326068,1.47549986552359,-1.85890799828538,-0.05222898,0.33750305,0.016798794,-25.483702,-171.79956,77.06119,LYI
9870871723000,5.784953,9.21746729991282,1.48444303630728,-1.87232275446091,-0.0421497,0.37873647,0.006414085,-25.490452,-171.78369,77.107704,LYI
9870877059000,5.790289,9.16465867548077,1.49380914134615,-1.88473165480769,-0.045814894,0.3979787,-0.0033597588,-25.49538,-171.76448,77.1551,LYI
9870881758000,5.794988,9.15633724001479,1.48964851050296,-1.83896471553254,-0.028099801,0.39706242,-0.01740966,-25.508896,-171.74309,77.20248,LYI
9870886668000,5.799898,9.14764214571006,1.48530105414201,-1.79114269556213,-0.021991149,0.39522982,-0.016187929,-25.51896,-171.72168,77.24948,LYI
9870891761000,5.804991,9.17449733801047,1.45985032809424,-1.75673134262827,-0.025961773,0.37568212,-0.03176499,-25.531197,-171.69257,77.28494,LYI
9870896578000,5.809808,9.20831116481675,1.43086727135079,-1.72774818500524,-0.027488936,0.32589662,-0.032070424,-25.544535,-171.66916,77.31494,LYI
9870901613000,5.814843,9.28746441209914,1.4083002164431,-1.66043554173403,-0.036651913,0.26267207,-0.040317107,-25.538631,-171.64337,77.338234,LYI
9870906643000,5.819873,9.37304948005685,1.38690397179533,-1.58768856909479,-0.050396383,0.17470746,-0.03848451,-25.530304,-171.62064,77.34645,LYI
9870911684000,5.824914,9.46731184115806,1.35510314410211,-1.55203559854264,-0.05497787,0.10567969,-0.031154128,-25.519495,-171.60074,77.34974,LYI
9870916727000,5.829957,9.56651057120501,1.31731305070423,-1.5378642456964,-0.062002823,0.039095376,-0.029932396,-25.504236,-171.57948,77.334076,LYI
9870922414000,5.835644,9.71003743706588,1.29124931068196,-1.55468193966533,-0.058643065,-0.016187929,-0.010995574,-25.482517,-171.57578,77.33341,LYI
9870926685000,5.839915,9.83056710671438,1.27833540145233,-1.58050971317617,-0.05589417,-0.04795292,-0.0021380284,-25.459251,-171.56941,77.32218,LYI
9870931683000,5.844913,9.93024142157511,1.25800597977687,-1.63373602943179,-0.05009095,-0.06505715,0.018936822,-25.436628,-171.57748,77.31502,LYI
9870936691000,5.849921,10.0118608841827,1.23533385422142,-1.69721802833507,-0.017715093,-0.058337633,0.029626964,-25.422976,-171.58633,77.3063,LYI
9870941717000,5.854947,10.075449827691,1.21407936892359,-1.7297011655382,0.009468411,-0.054367006,0.03481932,-25.412348,-171.60349,77.29796,LYI
9870946716000,5.859946,10.1256274015302,1.1940083393879,-1.73973668030605,0.01282817,-0.033292156,0.0571159,-25.403803,-171.62827,77.300125,LYI
9870951703000,5.864933,10.1236515449596,1.16630661131969,-1.7520719958701,0.034513887,-0.0036651916,0.06841691,-25.42527,-171.66216,77.30794,LYI
9870956748000,5.869978,10.0964419762531,1.13456217763281,-1.76567673287028,0.046731193,0.036957346,0.073303826,-25.444565,-171.69914,77.32513,LYI
9870961796000,5.875026,10.0372796597715,1.12325684198827,-1.78279099688175,0.04795292,0.08002335,0.07513642,-25.471987,-171.73676,77.34896,LYI
9870966761000,5.879991,9.95409278882371,1.12815020537203,-1.80236450151281,0.04550946,0.12705997,0.07696902,-25.501352,-171.77498,77.38229,LYI
9870971765000,5.884995,9.86403230129462,1.12430923012946,-1.79850853021773,0.04337143,0.15790866,0.074830994,-25.538609,-171.81137,77.417,LYI
9870976763000,5.889993,9.77014284189878,1.11492028418988,-1.77973058931934,0.030543262,0.18448131,0.06505715,-25.571684,-171.84436,77.45838,LYI
9870982873000,5.896103,9.58261840244266,1.12602936169199,-1.74524961703902,0.035430185,0.20311269,0.06658431,-25.614647,-171.8778,77.50126,LYI
9870986723000,5.899953,9.43983657839341,1.14067365917982,-1.71962209643531,0.034513887,0.20769419,0.05955936,-25.652088,-171.9043,77.541855,LYI
9870991761000,5.904991,9.33819611241792,1.15183744349701,-1.6810857811624,0.024740042,0.20463985,0.04153884,-25.687304,-171.92644,77.58149,LYI
9870996713000,5.909943,9.30565890492992,1.15648551892581,-1.6392530537685,0.02687807,0.18417588,0.035124753,-25.724771,-171.94962,77.61763,LYI
9871001747000,5.914977,9.31700842674365,1.15717557887278,-1.603918109855,0.0290161,0.17562376,0.01985312,-25.754833,-171.95845,77.645805,LYI
9871006790000,5.92002,9.37087829473132,1.1540067708943,-1.57539883804868,0.02443461,0.1301143,0.016493361,-25.782824,-171.96832,77.66156,LYI
9871011843000,5.925073,9.42485498379371,1.15083167933863,-1.54682301404763,0.036957346,0.0888809,0.0070249503,-25.811693,-171.97472,77.679504,LYI
9871016744000,5.929974,9.47720799252018,1.14775209815629,-1.5191067834066,0.029932396,0.032070424,0.006414085,-25.833046,-171.98138,77.684555,LYI
9871021725000,5.934955,9.5304155698445,1.14462224835641,-1.49093813520766,0.02443461,-0.025961773,-0.0033597588,-25.858484,-171.98337,77.67658,LYI
9871026758000,5.939988,9.58417861675743,1.14145972395512,-1.46247541559609,0.03970624,-0.07086037,-0.0076358155,-25.887428,-171.98741,77.660095,LYI
9871031724000,5.944954,9.63991256892669,1.13864805724293,-1.43717040482862,0.043982297,-0.110872045,-0.011911872,-25.91181,-171.98807,77.63074,LYI
9871036746000,5.949976,9.70007605354015,1.13624151785839,-1.41551152523893,0.03359759,-0.14630222,-0.0070249503,-25.936121,-171.99036,77.59428,LYI
9871041692000,5.954922,9.75932905929447,1.13387139762822,-1.39418041841881,0.03390302,-0.16982053,-0.0030543262,-25.95286,-171.99248,77.56559,LYI
9871046747000,5.959977,9.81988788341256,1.1314490446635,-1.37237921644233,0.027183503,-0.18051068,0.0018325958,-25.964579,-171.99554,77.5339,LYI
9871051657000,5.964887,9.86025525103612,1.12624911229524,-1.36562773155713,0.025045475,-0.17287487,-0.0009162979,-25.981558,-171.99498,77.50022,LYI
9871056738000,5.969968,9.87466044256957,1.11664585182554,-1.38003262226169,0.040317107,-0.16401732,-0.00030543262,-26.001474,-171.99747,77.46701,LYI
9871061642000,5.974872,9.87096499293182,1.10915246661758,-1.37633705714917,0.03726278,-0.13683382,0.0033597588,-26.01474,-171.99599,77.44753,LYI
9871066756000,5.979986,9.83730943587101,1.10434455858244,-1.34268167580131,0.041233405,-0.110872045,-0.0021380284,-26.034529,-171.99341,77.428856,LYI
9871071680000,5.98491,9.80490428081284,1.09971527833898,-1.31027668992785,0.03756821,-0.0888809,-0.013439035,-26.05333,-171.99164,77.41467,LYI
9871076763000,5.989993,9.77145273671035,1.09493651483827,-1.27682532047318,0.056505036,-0.07574729,-0.008552114,-26.079185,-171.99434,77.406525,LYI
9871081641000,5.994871,9.74251550508064,1.09309069898387,-1.23854529825674,0.055588737,-0.06841691,-0.009773844,-26.098583,-171.99121,77.39898,LYI
9871086733000,5.999963,9.719785447469,1.0976367105062,-1.18399311251981,0.06291912,-0.0693332,-0.012217305,-26.125282,-171.99062,77.393265,LYI
9871091706000,6.004936,9.69901001630226,1.0982727791331,-1.1365799791331,0.06291912,-0.07269296,-0.0143553335,-26.139006,-171.99078,77.39563,LYI
9871096733000,6.009963,9.6851602167242,1.07980612259302,-1.11811332259302,0.064751714,-0.093767814,-0.023518313,-26.15533,-171.98883,77.39208,LYI
9871101711000,6.014941,9.67409880615116,1.06378750705346,-1.10057089294654,0.06505715,-0.10415252,-0.021685716,-26.163717,-171.98674,77.39702,LYI
9871106794000,6.020024,9.69299028582517,1.07323329620646,-1.09112510379354,0.057421334,-0.111177474,-0.022907447,-26.170498,-171.98112,77.3958,LYI
9871111778000,6.025008,9.71212349747402,1.08248957193785,-1.08404143324755,0.046731193,-0.108123146,-0.018325957,-26.175077,-171.9792,77.39862,LYI
9871116731000,6.029961,9.74829489152607,1.09153234963302,-1.13829814663044,0.033292156,-0.09193522,-0.01985312,-26.176765,-171.97485,77.40148,LYI
9871121730000,6.03496,9.78480222018873,1.10065911032313,-1.1930587584215,0.022602014,-0.06414085,-0.021380283,-26.168854,-171.97197,77.40841,LYI
9871126725000,6.039955,9.83917476712619,1.13421895060445,-1.25817513764581,0.0143553335,-0.029626964,-0.020463986,-26.157818,-171.96893,77.42055,LYI
9871131893000,6.045123,9.8935693802758,1.1693416534197,-1.3225705534197,0.0015271631,0.011911872,-0.011911872,-26.142282,-171.96698,77.44128,LYI
9871136708000,6.049938,9.9032044105725,1.18218809219947,-1.33541699219947,-0.0018325958,0.06047566,-0.01740966,-26.133453,-171.96266,77.46266,LYI
9871141721000,6.054951,9.91323564772252,1.1955627957515,-1.3487916957515,-0.01038471,0.10781772,-0.0125227375,-26.119104,-171.96461,77.48946,LYI
9871146669000,6.059899,9.9155256855384,1.20894505016652,-1.36141815888586,-0.0027488936,0.12767084,-0.006414085,-26.108496,-171.96585,77.51935,LYI
9871151663000,6.064893,9.87691277707135,1.22342477744475,-1.37107126000606,0.011301007,0.14935656,-0.01038471,-26.097324,-171.96536,77.5579,LYI
9871156702000,6.069932,9.83288585322468,1.23627032605585,-1.37561120477989,0.004581489,0.13683382,-0.00580322,-26.082867,-171.96667,77.59215,LYI
9871161719000,6.074949,9.76604154486733,1.24104492663222,-1.35651285233032,0.014966198,0.11453723,-0.00580322,-26.077286,-171.9669,77.62612,LYI
9871166722000,6.079952,9.7042584173642,1.24277703399822,-1.32529792261799,0.028710667,0.0729984,-0.0033597588,-26.07116,-171.96695,77.65064,LYI
9871171713000,6.084943,9.66595215903829,1.23000825159394,-1.23591635690116,0.03848451,0.020158553,-0.008857546,-26.06692,-171.965,77.665535,LYI
9871176702000,6.089932,9.62766125084595,1.21724458591273,-1.14657060828139,0.032375857,-0.017104227,-0.011911872,-26.059977,-171.9623,77.675224,LYI
9871182860000,6.09609,9.65994651343593,1.20744057562395,-1.06472159678654,0.03756821,-0.13316862,-0.013133603,-26.059114,-171.95966,77.65561,LYI
9871186676000,6.099906,9.68325877115063,1.20161248076708,-1.01518276007495,0.028099801,-0.16707164,-0.01282817,-26.052431,-171.95576,77.6456,LYI
9871191742000,6.104972,9.72526973933649,1.19927950853081,-0.981191517061611,0.018020526,-0.24220806,-0.008552114,-26.038074,-171.94403,77.606834,LYI
9871196831000,6.110061,9.78301432195174,1.20452900607497,-0.991690512149935,0.011911872,-0.30543262,-0.02076942,-26.022953,-171.9279,77.561325,LYI
9871201701000,6.114931,9.84624237776899,1.19348021318236,-1.0355803053303,-0.006414085,-0.34391713,-0.020463986,-25.9917,-171.91481,77.51951,LYI
9871206738000,6.119968,9.91779846202532,1.16962813528481,-1.10713643939873,-0.017104227,-0.36163223,-0.019242255,-25.961906,-171.89912,77.46804,LYI
9871211756000,6.124986,9.96838814882894,1.14845871947821,-1.16806094841387,-0.03481932,-0.355829,-0.01740966,-25.91895,-171.88577,77.41421,LYI
9871216719000,6.129949,10.0012678399051,1.12967043668347,-1.21972877514577,-0.054061573,-0.34147367,-0.009162978,-25.87335,-171.87445,77.36183,LYI
9871221693000,6.134923,10.0102948081994,1.11578970355115,-1.2708167549899,-0.05467244,-0.31490102,-0.00580322,-25.83863,-171.86879,77.310234,LYI
9871226726000,6.139956,9.99637861890097,1.10651243776345,-1.3218417652584,-0.057726767,-0.25870144,0.0061086523,-25.798334,-171.86697,77.27314,LYI
9871231707000,6.144937,9.97377036551794,1.09497332830343,-1.34609015220228,-0.057726767,-0.20311269,0.0106901415,-25.759127,-171.87376,77.23964,LYI
9871236698000,6.149928,9.93965722654976,1.08035328075041,-1.33634345383361,-0.050396383,-0.14721853,0.028405234,-25.72141,-171.88747,77.224205,LYI
9871241675000,6.154905,9.89719887890819,1.07924960222333,-1.32009748335484,-0.03726278,-0.09560041,0.027488936,-25.693876,-171.89983,77.21265,LYI
9871246714000,6.159944,9.84451069478908,1.09361907970223,-1.29614825419355,-0.029932396,-0.061391957,0.03604105,-25.66664,-171.9193,77.2148,LYI
9871251688000,6.164918,9.80592951198939,1.09309480959151,-1.28741103821439,-0.017715093,-0.027183503,0.044593163,-25.650234,-171.93811,77.23003,LYI
9871256745000,6.169975,9.78297913875462,1.0747345110037,-1.29659128336651,-0.014660766,0.0027488936,0.046731193,-25.633537,-171.95677,77.25185,LYI
9871261659000,6.174889,9.76044340281305,1.06144568056261,-1.29770602519047,-0.0033597588,0.026267206,0.047647487,-25.620277,-171.97774,77.284355,LYI
9871266697000,6.179927,9.73688024672788,1.05673304934558,-1.28356808233053,-0.022296581,0.04642576,0.05100725,-25.599245,-171.99791,77.32262,LYI
9871271680000,6.18491,9.71776635478942,1.05479509448954,-1.28179308099513,-0.036651913,0.046120327,0.044593163,-25.582733,-172.02138,77.35998,LYI
9871276744000,6.189974,9.70850306990736,1.05942664020628,-1.30958240365772,-0.05589417,0.06566802,0.040317107,-25.559351,-172.0443,77.40593,LYI
9871281687000,6.194917,9.69846329261113,1.06018384315573,-1.34159593882838,-0.060170226,0.09193522,0.03726278,-25.530912,-172.06102,77.446396,LYI
9871286691000,6.199921,9.68435624521637,1.04607655025022,-1.39332249944068,-0.08674286,0.115453534,0.043982297,-25.490726,-172.07663,77.49056,LYI
9871291678000,6.204908,9.67647404988411,1.03351529002318,-1.44587872786456,-0.102319926,0.13622294,0.037873644,-25.456501,-172.08777,77.532326,LYI
9871296705000,6.209935,9.70073212385367,1.02866367522927,-1.5040981560516,-0.10262536,0.16065755,0.044898596,-25.41874,-172.1033,77.582535,LYI
9871301705000,6.214935,9.72311664884877,1.02649009981743,-1.5611875573689,-0.109650314,0.17684549,0.046731193,-25.38274,-172.11728,77.62691,LYI
9871306719000,6.219949,9.73772788933969,1.03623111328735,-1.61476290259661,-0.112399206,0.17134771,0.05009095,-25.347822,-172.13315,77.672165,LYI
9871311817000,6.225047,9.7502719083762,1.03845755988547,-1.65570470293119,-0.102319926,0.16126843,0.055588737,-25.326826,-172.15073,77.71501,LYI
9871316724000,6.229954,9.75483313704746,1.01565184517131,-1.65114352188683,-0.084910266,0.14263703,0.055588737,-25.307295,-172.16725,77.75317,LYI
9871321709000,6.234939,9.76019747150362,0.993840737585489,-1.65078931149767,-0.07788532,0.11575896,0.058948494,-25.293238,-172.1863,77.782005,LYI
9871326716000,6.239946,9.7697032776291,0.979582326167113,-1.67455338015661,-0.053450707,0.09101892,0.065973446,-25.28905,-172.20732,77.80699,LYI
9871331698000,6.244928,9.77670334149184,0.964824230623543,-1.69813638275058,-0.053450707,0.04734206,0.06780604,-25.276218,-172.23485,77.82618,LYI
9871336701000,6.249931,9.76739608993784,0.946210091953186,-1.72140402571873,-0.04795292,0.015271631,0.067500606,-25.271893,-172.26418,77.84256,LYI
9871341732000,6.254962,9.75803208250244,0.926748426617791,-1.74407971073314,-0.06078109,-0.009468411,0.06872234,-25.269018,-172.29648,77.852196,LYI
9871346709000,6.259939,9.7487139514174,0.898793133318671,-1.75805734521994,-0.059253927,-0.01985312,0.06841691,-25.272026,-172.32822,77.857185,LYI
9871351941000,6.265171,9.73558072081712,0.872929492619163,-1.77430136701524,-0.0720821,-0.04184427,0.0720821,-25.266718,-172.36162,77.849976,LYI
9871356754000,6.269984,9.68326977821012,0.891611880155642,-1.80792966848249,-0.0888809,-0.06169739,0.07086037,-25.261206,-172.39249,77.83992,LYI
9871361735000,6.274965,9.62913289785992,0.910946385104572,-1.84273178142834,-0.09560041,-0.07238753,0.061391957,-25.259024,-172.42471,77.825836,LYI
9871366730000,6.27996,9.59014018436284,0.937336665067843,-1.8758637284657,-0.094989546,-0.0870483,0.06291912,-25.25437,-172.45827,77.808365,LYI
9871371709000,6.284939,9.56299402818104,0.969007645175064,-1.90753473219471,-0.09285152,-0.08399397,0.05467244,-25.249355,-172.4853,77.789375,LYI
9871376713000,6.289943,9.52405503539111,1.00388160935049,-1.94022487572894,-0.083383106,-0.098043874,0.051618114,-25.258562,-172.50671,77.75591,LYI
9871382881000,6.296111,9.45872545968228,1.05139399985924,-1.98179816316107,-0.084910266,-0.09560041,0.028405234,-25.266457,-172.51923,77.72255,LYI
9871386700000,6.29993,9.43370087247294,1.05625219541556,-1.98971800633041,-0.0720821,-0.0852157,0.021380283,-25.286709,-172.53218,77.68564,LYI
9871391729000,6.304959,9.41403108454156,1.04149972609761,-1.98480053367368,-0.060170226,-0.07849618,0.0106901415,-25.307281,-172.53741,77.6448,LYI
9871396705000,6.309935,9.40680741879751,1.03191248217001,-1.98954685348998,-0.059864793,-0.086132,-0.0030543262,-25.331139,-172.53596,77.59539,LYI
9871401707000,6.314937,9.41153633102972,1.02718317487412,-2.00373477537763,-0.054061573,-0.0852157,-0.007941248,-25.360006,-172.53513,77.55034,LYI
9871406701000,6.319931,9.42762294925017,1.02698861697289,-2.00885908302711,-0.049785517,-0.08582657,-0.028405234,-25.387604,-172.52324,77.49447,LYI
9871411714000,6.324944,9.45623075469262,1.03175656795114,-2.00409113204886,-0.049785517,-0.0693332,-0.03268129,-25.415281,-172.51515,77.44614,LYI
9871416743000,6.329973,9.48913316888194,1.03871288068804,-1.99492596356529,-0.06261369,-0.06261369,-0.04734206,-25.44344,-172.49974,77.39038,LYI
9871421704000,6.334934,9.52628006245113,1.04799957983776,-1.98099598756841,-0.0720821,-0.05100725,-0.051923547,-25.47227,-172.48682,77.34198,LYI
9871426664000,6.339894,9.55688129527893,1.05931834380577,-1.97771348650481,-0.09621128,-0.036957346,-0.055283304,-25.492352,-172.46909,77.295944,LYI
9871431707000,6.344937,9.57855043197567,1.07376446845805,-1.98975192371504,-0.109650314,-0.027488936,-0.055588737,-25.512749,-172.4518,77.25264,LYI
9871436669000,6.349899,9.59987152186051,1.08797856136398,-2.00159700113665,-0.105068825,-0.010995574,-0.0571159,-25.530485,-172.42433,77.21007,LYI
9871441714000,6.354944,9.6215492523057,1.10243041519517,-2.01364021266264,-0.105374254,-0.0070249503,-0.05100725,-25.542728,-172.39908,77.16945,LYI
9871446640000,6.35987,9.63974329856534,1.12003522466072,-2.02618157479643,-0.09621128,0.0018325958,-0.051923547,-25.559175,-172.3732,77.13353,LYI
9871451709000,6.364939,9.65386043408298,1.14356411143854,-2.04029890686313,-0.086132,0.013133603,-0.043982297,-25.575207,-172.35254,77.10279,LYI
9871456699000,6.369929,9.6646032464692,1.17805617211652,-2.04783138705375,-0.073303826,0.01740966,-0.03756821,-25.595135,-172.33057,77.0703,LYI
9871461711000,6.374941,9.66931096753629,1.2345476943213,-2.04312376429973,-0.05681047,0.036651913,-0.028710667,-25.618406,-172.31313,77.04656,LYI
9871466689000,6.379919,9.67397033065142,1.28487772666731,-2.0300926894145,-0.05375614,0.037873644,-0.032986723,-25.641582,-172.29231,77.01706,LYI
9871471723000,6.384953,9.67864371355176,1.32226405790035,-1.99737969228383,-0.032375857,0.046120327,-0.034513887,-25.67392,-172.27731,76.996254,LYI
9871476682000,6.389912,9.68440462035284,1.35370882461876,-1.96944316362005,-0.035124753,0.049480084,-0.032375857,-25.695839,-172.25487,76.97326,LYI
9871481708000,6.394938,9.69399925585568,1.36810117863052,-1.95505075951361,-0.020463986,0.04550946,-0.032986723,-25.728497,-172.23415,76.95038,LYI
9871486727000,6.399957,9.70015119508743,1.37675230944102,-1.93832228143132,-0.02687807,0.038789943,-0.03145956,-25.751528,-172.20615,76.93104,LYI
9871491719000,6.404949,9.6953191530375,1.36708746844233,-1.91416000232488,-0.032375857,0.027488936,-0.025350908,-25.778326,-172.18115,76.91096,LYI
9871496677000,6.409907,9.698300832376,1.35512703677139,-1.89202559309225,-0.040317107,0.008552114,-0.02321288,-25.799475,-172.15393,76.88896,LYI
9871501700000,6.41493,9.72473022711153,1.33590546263423,-1.87520675962739,-0.03726278,-0.008246681,-0.0290161,-25.82184,-172.12747,76.86514,LYI
9871506757000,6.419987,9.75133851880526,1.31655378029069,-1.85827408177913,-0.02565634,-0.030543262,-0.022296581,-25.84131,-172.10641,76.841965,LYI
9871511818000,6.425048,9.77796785719994,1.29718679109935,-1.841328010474,-0.03481932,-0.05955936,-0.017104227,-25.855698,-172.08333,76.812904,LYI
9871516725000,6.429955,9.80758542515771,1.28212397579813,-1.83384224559358,-0.037873644,-0.084910266,-0.008857546,-25.877567,-172.06009,76.77922,LYI
9871521710000,6.43494,9.8486547350411,1.27756080914739,-1.85209510279105,-0.029626964,-0.11178834,0.00061086525,-25.899595,-172.03976,76.74077,LYI
9871526675000,6.439905,9.88471650905965,1.26936071219415,-1.87521879448486,-0.024740042,-0.119729586,0.011301007,-25.923328,-172.02388,76.711586,LYI
9871531713000,6.444943,9.89428810937707,1.24064551145351,-1.9262680735617,-0.012217305,-0.09407325,0.017104227,-25.951187,-172.01086,76.685745,LYI
9871536724000,6.449954,9.90380841290834,1.21208420321386,-1.97704376579156,-0.011911872,-0.0693332,0.023518313,-25.97831,-172.00291,76.66008,LYI
9871541672000,6.454902,9.9073714401511,1.18224005623314,-2.02136670460874,-0.010079277,-0.03481932,0.035124753,-26.00873,-171.99928,76.64512,LYI
9871546713000,6.459943,9.87089669023206,1.14055482207232,-2.02657735207771,-0.010079277,-0.00580322,0.05681047,-26.0268446615046,-172.001964437007,76.6480864791688,LYI
9871551681000,6.464911,9.82627242472793,1.10023266998186,-2.01693685489722,0.015271631,0.044593163,0.06627888,-26.044697,-172.00461,76.65101,LYI
9871556808000,6.470038,9.75700574546554,1.0606515996977,-1.96746058162031,0.0143553335,0.07086037,0.067500606,-26.084206,-172.01526,76.64643,LYI
9871561783000,6.475013,9.68943791737592,1.03000628347518,-1.92021892998948,0.034208454,0.09193522,0.06811147,-26.138508,-172.04083,76.6637,LYI
9871566729000,6.479959,9.62149273309745,1.01641724661949,-1.87492209317204,0.038789943,0.10873401,0.057421334,-26.187847,-172.06209,76.6834,LYI
9871571698000,6.484928,9.56039140724797,0.999702991505656,-1.82116177961758,0.04062254,0.110872045,0.058337633,-26.237347,-172.0958,76.7166,LYI
9871576723000,6.489953,9.52666821924117,0.970797117919712,-1.73444418401241,0.040317107,0.10567969,0.051923547,-26.287317,-172.12375,76.74751,LYI
9871581758000,6.494988,9.51023859440559,0.948773558041958,-1.6663644,0.03756821,0.06963864,0.044898596,-26.332481,-172.15036,76.77455,LYI
9871586693000,6.499923,9.55572025348046,0.951805676562199,-1.6663644,0.02107485,0.030543262,0.032070424,-26.373287,-172.17207,76.796265,LYI
9871592009000,6.505239,9.60471326252646,0.955071885691602,-1.6663644,0.011301007,0.00061086525,0.013439035,-26.40692,-172.19002,76.818634,LYI
9871596711000,6.509941,9.64804756059537,0.957960846437736,-1.6663644,-0.008552114,-0.043676864,0.018020526,-26.43214,-172.20898,76.829636,LYI
9871602104000,6.515334,9.69775021254892,0.96127436521781,-1.6663644,-0.03940081,-0.07391469,0.015882496,-26.452963,-172.22041,76.83373,LYI
9871606697000,6.519927,9.74007995117726,0.964096355159748,-1.6663644,-0.058337633,-0.10048734,0.015577064,-26.471062,-172.23293,76.82936,LYI
9871612156000,6.525386,9.79012100368431,0.968132169924375,-1.66898840977312,-0.07513642,-0.10751228,0.016493361,-26.480951,-172.24344,76.822426,LYI
9871616747000,6.529977,9.82848661169285,0.980920735602094,-1.70735410680628,-0.079107046,-0.09315695,0.02321288,-26.488976,-172.25497,76.8155,LYI
9871621733000,6.534963,9.87015311605585,0.994809602617801,-1.7490207078534,-0.09101892,-0.051923547,0.03145956,-26.493383,-172.25897,76.81392,LYI
9871628045000,6.541275,9.88156288773302,1.00386303442715,-1.78405617882427,-0.0852157,-0.003970624,0.04734206,-26.501228,-172.26773,76.81987,LYI
9871631687000,6.544917,9.88643304244921,1.00873334170914,-1.80353743337988,-0.07513642,0.044593163,0.049785517,-26.507069,-172.27449,76.83454,LYI
9871636773000,6.550003,9.88959350737571,1.0153124208523,-1.82575167938445,-0.06658431,0.09896017,0.061391957,-26.509027,-172.29134,76.8596,LYI
9871641768000,6.554998,9.83441927044254,1.01821633125114,-1.76767341076307,-0.046120327,0.13988814,0.07086037,-26.517143,-172.30894,76.8921,LYI
9871646724000,6.559954,9.7796758233473,1.02109756847569,-1.71004860610089,-0.02107485,0.16432275,0.07147124,-26.531826,-172.32454,76.92477,LYI
9871651723000,6.564953,9.72445740284101,1.02400380432829,-1.65192382835549,-0.011911872,0.18509217,0.0693332,-26.547216,-172.34166,76.96588,LYI
9871656700000,6.56993,9.66130493804262,1.03888323295185,-1.59513917509866,-0.01282817,0.17562376,0.06505715,-26.566416,-172.35852,77.00395,LYI
9871661637000,6.574867,9.59600025424231,1.05754179057814,-1.53916359963496,-0.003970624,0.14782938,0.06169739,-26.590487,-172.37544,77.04082,LYI
9871666597000,6.579827,9.54696543917119,1.06965707334978,-1.48623913119882,-0.01282817,0.13713925,0.061086524,-26.598392,-172.38583,77.08584,LYI
9871671682000,6.584912,9.50372111406019,1.07926694567341,-1.43338488359151,-0.021685716,0.1151481,0.058643065,-26.608528,-172.3949,77.11967,LYI
9871676609000,6.589839,9.46726545293694,1.09552229013476,-1.43071055530295,-0.02443461,0.079107046,0.040011674,-26.598663,-172.39055,77.13743,LYI
9871681626000,6.594856,9.43266719699619,1.11529260413538,-1.45048081769365,-0.018325957,0.055283304,0.033292156,-26.588442,-172.38875,77.15388,LYI
9871686637000,6.599867,9.41303443545662,1.14508842982212,-1.4873058074133,-0.035430185,0.033292156,0.024129177,-26.56596,-172.37956,77.16631,LYI
9871691636000,6.604866,9.39876222339263,1.17839077130081,-1.53012313908377,-0.04886922,0.008857546,0.0067195175,-26.546791,-172.36679,77.16988,LYI
9871696613000,6.609843,9.40114215091588,1.20011279618154,-1.53871876022965,-0.05009095,-0.01038471,-0.00580322,-26.52813,-172.35077,77.164894,LYI
9871701617000,6.614847,9.40987646350132,1.21758196858653,-1.53435137592272,-0.038789943,-0.016493361,-0.014660766,-26.50986,-172.33133,77.15533,LYI
9871706602000,6.619832,9.44136626765475,1.20941213940715,-1.53502558391456,-0.04917465,-0.019242255,-0.021380283,-26.472572,-172.31842,77.138016,LYI
9871711613000,6.624843,9.49366503051439,1.17803288169137,-1.54025556942023,-0.050396383,-0.02443461,-0.036957346,-26.442274,-172.30188,77.116455,LYI
9871716615000,6.629845,9.55324623785967,1.14830414431095,-1.51176644900555,-0.05222898,-0.0290161,-0.036957346,-26.40729,-172.28531,77.09664,LYI
9871721635000,6.634865,9.6163441661787,1.11918211321555,-1.46808337702171,-0.06627888,-0.040011674,-0.03268129,-26.369438,-172.26544,77.07315,LYI
9871726588000,6.639818,9.65784358071592,1.09743771901486,-1.46914648098514,-0.07880162,-0.04184427,-0.029932396,-26.328815,-172.25035,77.05134,LYI
9871731587000,6.644817,9.6912584738259,1.0783433234819,-1.4882408765181,-0.08582657,-0.043676864,-0.032070424,-26.286545,-172.23502,77.02789,LYI
9871736635000,6.649865,9.71401857838319,1.07419158485231,-1.50669529541263,-0.087659165,-0.033292156,-0.020463986,-26.228487,-172.22957,77.015854,LYI
9871741587000,6.654817,9.73177813837008,1.07641151246548,-1.5244547394982,-0.09010262,-0.014966198,-0.021991149,-26.16979,-172.21953,77.00347,LYI
9871746582000,6.659812,9.74969191101437,1.07865071650985,-1.54236839523475,-0.09162979,0.005192355,-0.022602014,-26.114414,-172.2162,76.99636,LYI
9871751610000,6.66484,9.76772403290736,1.08090471409446,-1.56040039944764,-0.083383106,0.032070424,-0.019242255,-26.061972,-172.21391,76.995995,LYI
9871756741000,6.669971,9.77566275807366,1.09459378311615,-1.5672105196034,-0.086132,0.06352998,-0.025045475,-25.998907,-172.20705,76.9944,LYI
9871761584000,6.674814,9.7708848635591,1.12087167910894,-1.56004385244399,-0.06963864,0.07849618,-0.015271631,-25.943977,-172.20686,76.99887,LYI
9871766584000,6.679814,9.76595207962915,1.14800144990471,-1.55264485682204,-0.06261369,0.09437868,-0.016493361,-25.88929,-172.20348,77.00485,LYI
9871771635000,6.684865,9.76096898130312,1.17540794436261,-1.54517039144476,-0.061391957,0.09865474,-0.017715093,-25.838068,-172.20322,77.01338,LYI
9871776582000,6.689812,9.75248947903083,1.18961630278516,-1.54395818093858,-0.055588737,0.09743301,-0.02565634,-25.790628,-172.20445,77.02593,LYI
9871782412000,6.695642,9.7390067534412,1.19411060722048,-1.54845243844482,-0.05222898,0.09987647,-0.027488936,-25.743338,-172.20671,77.04098,LYI
9871786651000,6.699881,9.72966282974348,1.19784722492694,-1.55256218739041,-0.056199603,0.09437868,-0.027183503,-25.684208,-172.20596,77.05329,LYI
9871791586000,6.704816,9.724547287477,1.20807809580041,-1.56790849370062,-0.057421334,0.087964594,-0.0290161,-25.627745,-172.20424,77.06518,LYI
9871796590000,6.70982,9.71847606807305,1.22121172629163,-1.58612177154996,-0.062308256,0.09040806,-0.032986723,-25.562363,-172.20592,77.07692,LYI
9871801612000,6.714842,9.70908146039652,1.24469775500537,-1.61430500600645,-0.07574729,0.09040806,-0.031154128,-25.495068,-172.20789,77.08737,LYI
9871806624000,6.719854,9.70953348356949,1.2624928032861,-1.6359882032861,-0.080634214,0.06688975,-0.03604105,-25.431438,-172.20604,77.08902,LYI
9871811590000,6.72482,9.75732605597427,1.25293428880515,-1.62642968880515,-0.07727446,0.04428773,-0.032070424,-25.367002,-172.20668,77.09286,LYI
9871816597000,6.729827,9.80370488239649,1.24332693156492,-1.62055276487193,-0.07544186,0.018936822,-0.033292156,-25.306433,-172.20499,77.08871,LYI
9871821680000,6.73491,9.84214257706164,1.2337175204412,-1.63256455386172,-0.06566802,-0.008857546,-0.01282817,-25.249296,-172.21086,77.08369,LYI
9871826600000,6.73983,9.87934766416621,1.22441626080541,-1.64419115268716,-0.059253927,-0.03573562,-0.013744468,-25.19221,-172.21143,77.072556,LYI
9871831600000,6.74483,9.91715771203672,1.21496376117554,-1.65600680190001,-0.050396383,-0.061391957,-0.006414085,-25.138746,-172.22028,77.060814,LYI
9871836598000,6.749828,9.94797059920831,1.20551199351806,-1.66607297337952,-0.042455133,-0.070554934,0.0030543262,-25.087894,-172.22937,77.04753,LYI
9871841593000,6.754823,9.9290350757051,1.19604418233548,-1.66370602058387,-0.03176499,-0.06872234,0.0070249503,-25.041374,-172.23915,77.03193,LYI
9871846596000,6.759826,9.91006922503711,1.18656120749134,-1.66133527687284,-0.015882496,-0.045814894,0.01160644,-24.996614,-172.26779,77.03055,LYI
9871851600000,6.76483,9.89109958347353,1.17707633718951,-1.65896405929738,-0.008246681,-0.029932396,0.02107485,-24.953342,-172.29797,77.02968,LYI
9871856622000,6.769852,9.87000953412256,1.16714433759451,-1.65147423953442,0.00030543262,-0.0290161,0.028710667,-24.919569,-172.3236,77.02824,LYI
9871861612000,6.774842,9.82722271657381,1.15288198234182,-1.58967081593713,0.004886922,-0.023518313,0.025045475,-24.887684,-172.34787,77.03111,LYI
9871866622000,6.779852,9.78391804123711,1.13856631237113,-1.53014162474227,-0.0018325958,-0.017715093,0.022296581,-24.856508,-172.37508,77.03593,LYI
9871871642000,6.784872,9.73626187946075,1.12426946383822,-1.50154792767645,0.0030543262,-0.03145956,0.025961773,-24.830498,-172.4029,77.03779,LYI
9871876705000,6.789935,9.69085281465814,1.11108483706837,-1.47552914827349,-0.0067195175,-0.041233405,0.038179077,-24.801907,-172.43163,77.056465,LYI
9871881609000,6.794839,9.67930224230202,1.1133949515396,-1.48476960615839,-0.010995574,-0.045814894,0.025350908,-24.777517,-172.45393,77.06906,LYI
9871886579000,6.799809,9.66759621770782,1.11573615645844,-1.49413442583374,-0.007941248,-0.04184427,0.02107485,-24.750328,-172.4812,77.08704,LYI
9871891618000,6.804848,9.65572767486473,1.11810986502705,-1.50362926010821,-0.009773844,-0.03145956,0.024740042,-24.72128,-172.5057,77.10422,LYI
9871896890000,6.81012,9.64425593865785,1.12007544846881,-1.5129299242344,-0.013133603,-0.030848695,0.03268129,-24.69319,-172.52945,77.11965,LYI
9871901638000,6.814868,9.6528512547259,1.111479863138,-1.508632131569,-0.018020526,-0.024740042,0.02565634,-24.671228,-172.54616,77.13718,LYI
9871906630000,6.81986,9.66188828459357,1.10244255017013,-1.50411347508507,-0.028099801,-0.015271631,0.027183503,-24.649042,-172.56613,77.154785,LYI
9871911641000,6.824871,9.6910000062684,1.105333062741,-1.511559125482,-0.026572637,0.0015271631,0.028405234,-24.629381,-172.58372,77.17389,LYI
9871916602000,6.829832,9.7225866258904,1.10984541004844,-1.52058382009688,-0.036651913,0.011911872,0.031154128,-24.603813,-172.60042,77.19375,LYI
9871921685000,6.834915,9.74311125575715,1.11277751039777,-1.5357875922889,-0.04795292,0.017104227,0.03268129,-24.588284,-172.61644,77.22149,LYI
9871926590000,6.83982,9.75950127096002,1.1151189620975,-1.55217777863623,-0.06047566,0.023823744,0.039095376,-24.569408,-172.6334,77.25243,LYI
9871931639000,6.844869,9.77637246092114,1.11752915366364,-1.56904914476622,-0.06414085,0.046731193,0.04428773,-24.557102,-172.6485,77.28973,LYI
9871936623000,6.849853,9.79302645394278,1.11990831681786,-1.58570331168876,-0.06688975,0.06811147,0.04428773,-24.541544,-172.66275,77.32744,LYI
9871941669000,6.854899,9.78935991011236,1.13591306302636,-1.60517656302636,-0.054061573,0.08093964,0.048563786,-24.52796,-172.67871,77.36741,LYI
9871946588000,6.859818,9.77946664044944,1.15570022219889,-1.62496372219889,-0.04917465,0.09987647,0.044593163,-24.511675,-172.69121,77.4112,LYI
9871951727000,6.864957,9.73944375103429,1.16264126507309,-1.63575234979314,-0.051923547,0.11178834,0.04795292,-24.499725,-172.70743,77.45377,LYI
9871956704000,6.869934,9.69562308945481,1.16702337698814,-1.64451648210904,-0.038179077,0.11728613,0.04734206,-24.494047,-172.72191,77.49664,LYI
9871961709000,6.874939,9.6554362920576,1.16670075299784,-1.65889882440419,-0.027488936,0.12889257,0.03573562,-24.499897,-172.72508,77.53792,LYI
9871966687000,6.879917,9.61716555993177,1.16430881038583,-1.67564227283127,-0.028099801,0.13194689,0.031154128,-24.505842,-172.7299,77.5782,LYI
9871971711000,6.884941,9.57854118102454,1.16189476464804,-1.69254044175405,-0.034208454,0.1328632,0.027488936,-24.514755,-172.73111,77.61497,LYI
9871976704000,6.889934,9.54015512929607,1.15949561449501,-1.70933434251668,-0.03176499,0.11209377,0.009468411,-24.526089,-172.72728,77.643005,LYI
9871982837000,6.896067,9.52015830969638,1.15441134636631,-1.70110163909892,-0.038179077,0.089186326,0.0033597588,-24.53976,-172.71684,77.66716,LYI
9871986688000,6.899918,9.51293381860921,1.15079917625857,-1.69026512877571,-0.048563786,0.06566802,-0.0033597588,-24.553045,-172.7015,77.68245,LYI
9871991682000,6.904912,9.51614980769618,1.14283612555656,-1.66318560613478,-0.055283304,0.036651913,-0.0125227375,-24.570686,-172.68497,77.683586,LYI
9871996716000,6.909946,9.52586283640576,1.13312329968772,-1.62919066488365,-0.070249505,-0.0030543262,-0.0125227375,-24.5825,-172.66875,77.677155,LYI
9872001700000,6.91493,9.56498064895492,1.1300632,-1.62011928093176,-0.070249505,-0.046120327,-0.0143553335,-24.60976,-172.64362,77.66441,LYI
9872006740000,6.91997,9.61846227071267,1.1300632,-1.62255025912365,-0.064751714,-0.080634214,-0.022296581,-24.634003,-172.61722,77.64381,LYI
9872011721000,6.924951,9.67131781792999,1.1300632,-1.62495277943591,-0.06078109,-0.124005646,-0.021380283,-24.657187,-172.58974,77.6157,LYI
9872016825000,6.930055,9.7254785713926,1.1300632,-1.62741462719214,-0.05222898,-0.14110987,-0.01863139,-24.682995,-172.56215,77.585495,LYI
9872021688000,6.934918,9.76911192614132,1.12350786786857,-1.62150176786857,-0.057421334,-0.160963,-0.0143553335,-24.705582,-172.53589,77.5463,LYI
9872026759000,6.939989,9.81147642754677,1.11409351237763,-1.61208741237763,-0.04520403,-0.15577064,-0.004581489,-24.734964,-172.5143,77.511536,LYI
9872031747000,6.944977,9.83511791541204,1.10780491830428,-1.62753162259311,-0.048258353,-0.1414153,0.00030543262,-24.758385,-172.49095,77.47564,LYI
9872036744000,6.949974,9.84933778565769,1.1030648955626,-1.65597180853803,-0.0580322,-0.12705997,-0.0009162979,-24.782944,-172.4699,77.442726,LYI
9872041760000,6.95499,9.84532384071953,1.11821804927143,-1.6678994212039,-0.053145275,-0.0870483,0.0106901415,-24.809027,-172.45914,77.42837,LYI
9872046742000,6.959972,9.83093982393729,1.14458867995176,-1.67029674899005,-0.053450707,-0.044898596,0.016187929,-24.830797,-172.44626,77.41717,LYI
9872051682000,6.964912,9.81667706944026,1.17073699700533,-1.67267386646568,-0.046731193,0.0021380284,0.019242255,-24.858248,-172.43454,77.411156,LYI
9872056789000,6.970019,9.8019321529997,1.19776927538438,-1.67513134398553,-0.035430185,0.04337143,0.02565634,-24.886204,-172.42607,77.41509,LYI
9872061732000,6.974962,9.76606657632337,1.19737577289701,-1.66353859815275,-0.03634648,0.06261369,0.028099801,-24.912102,-172.4175,77.42434,LYI
9872066794000,6.980024,9.71792101906843,1.18293210572053,-1.64428032497765,-0.03726278,0.10445796,0.024740042,-24.940573,-172.40999,77.44762,LYI
9872071709000,6.984939,9.66866638953545,1.1898159757555,-1.60796224159413,-0.029626964,0.122478485,0.024129177,-24.967592,-172.39528,77.46292,LYI
9872076704000,6.989934,9.61720494405868,1.20852937076773,-1.56117880291443,-0.036957346,0.12370021,0.021685716,-24.989584,-172.37886,77.48222,LYI
9872081712000,6.994942,9.59317058935813,1.21904485236871,-1.5279141798833,-0.043066,0.11911872,0.02076942,-25.01575,-172.3623,77.50496,LYI
9872086696000,6.999926,9.58844981317377,1.22376552996736,-1.50431069330432,-0.04795292,0.10934488,0.019242255,-25.039534,-172.3452,77.525375,LYI
9872091722000,7.004952,9.60909225243909,1.22716708447811,-1.51669016402412,-0.06383542,0.08582657,0.01740966,-25.043373,-172.32687,77.54273,LYI
9872096708000,7.009938,9.6488895623376,1.229508111335,-1.55648766948081,-0.050396383,0.0711658,0.013439035,-25.053822,-172.30923,77.55854,LYI
9872101702000,7.014932,9.68875072672452,1.23185289435211,-1.59634902973967,-0.052534413,0.046120327,0.0070249503,-25.052006,-172.28806,77.56777,LYI
9872106776000,7.020006,9.72925043599549,1.23423523897142,-1.6368489380203,-0.061391957,0.035124753,0.008857546,-25.051624,-172.26901,77.57726,LYI
9872111740000,7.02497,9.76542666899126,1.23308844684216,-1.66722603921029,-0.056505036,0.032070424,0.01038471,-25.054474,-172.2493,77.58158,LYI
9872116794000,7.030024,9.79870533041941,1.22833438071899,-1.68861933676456,-0.05131268,0.032375857,0.02076942,-25.054344,-172.23282,77.586075,LYI
9872121712000,7.034942,9.83108848374423,1.22370824356154,-1.70943695397309,-0.049480084,0.03634648,0.023823744,-25.059294,-172.21616,77.57853,LYI
9872126722000,7.039952,9.86407742196248,1.21899556622139,-1.73064400200373,-0.044898596,0.040011674,0.026572637,-25.06604,-172.20328,77.573074,LYI
9872131683000,7.044913,9.87346657464887,1.21135528732444,-1.74591832760534,-0.026267206,0.04184427,0.038179077,-25.079866,-172.19406,77.57116,LYI
9872136694000,7.049924,9.84948029744589,1.19936214872295,-1.75311421076623,-0.024740042,0.04642576,0.04062254,-25.090082,-172.1829,77.569626,LYI
9872141659000,7.054889,9.82571420957665,1.18747910478832,-1.76024403712701,-0.010995574,0.052534413,0.03481932,-25.113579,-172.17773,77.567,LYI
9872146707000,7.059937,9.80155082356175,1.17539741178088,-1.76749305293147,0.005192355,0.040927973,0.035124753,-25.137623,-172.17538,77.562996,LYI
9872151710000,7.06494,9.75630799527326,1.15472530788774,-1.76781057949778,-0.002443461,0.0421497,0.032375857,-25.153477,-172.16463,77.55316,LYI
9872156739000,7.069969,9.68042531275234,1.12152662809453,-1.75832525656327,0.0036651916,0.025045475,0.028710667,-25.177565,-172.1556,77.53689,LYI
9872161694000,7.074924,9.612720125,1.0941502,-1.73639475,-0.00030543262,0.0125227375,0.034513887,-25.196886,-172.15419,77.52373,LYI
9872166795000,7.080025,9.55474770391614,1.07482612689873,-1.69291558552215,0.010995574,-0.01160644,0.035124753,-25.222336,-172.15164,77.503006,LYI
9872171665000,7.084895,9.51451869985639,1.06624384490187,-1.6470549137865,0.006414085,-0.028710667,0.0290161,-25.243738,-172.15086,77.48209,LYI
9872176741000,7.089971,9.50055666251795,1.07555199938727,-1.59120593827669,-0.0009162979,-0.06414085,0.013439035,-25.267681,-172.14816,77.45067,LYI
9872181666000,7.094896,9.50352925806452,1.08452706064516,-1.55261663032258,-0.014966198,-0.09407325,0.0125227375,-25.287102,-172.14749,77.423965,LYI
9872186694000,7.099924,9.55305470546985,1.09353167035063,-1.55711893517532,-0.01282817,-0.11484267,0.0143553335,-25.309355,-172.144,77.38993,LYI
9872191725000,7.104955,9.60282065656956,1.10320362963535,-1.56289032963535,-0.029932396,-0.12705997,0.010079277,-25.315067,-172.13417,77.3563,LYI
9872196964000,7.110194,9.65606175400347,1.11772403920509,-1.57741073920509,-0.042455133,-0.13164146,0.010079277,-25.32259,-172.1268,77.32185,LYI
9872201763000,7.114993,9.70529159742077,1.12939876940918,-1.59174319177247,-0.034208454,-0.12308934,0.005497787,-25.330914,-172.11714,77.28755,LYI
9872206719000,7.119949,9.76222985914226,1.11990909215235,-1.62021222354294,-0.043066,-0.10323623,0.015577064,-25.330551,-172.1106,77.25853,LYI
9872211802000,7.125032,9.816227,1.11126921707927,-1.64703089146037,-0.0421497,-0.08032878,0.01160644,-25.33624,-172.09949,77.229,LYI
9872216738000,7.129968,9.816227,1.11590386434629,-1.64471356782685,-0.03756821,-0.053145275,0.017104227,-25.339985,-172.09406,77.20929,LYI
9872221804000,7.135034,9.816227,1.12066057485171,-1.64233521257415,-0.042760566,-0.018325957,0.023518313,-25.330183,-172.08983,77.18713,LYI
9872226757000,7.139987,9.816227,1.12531118423452,-1.64000990788274,-0.027488936,0.023823744,0.023823744,-25.327822,-172.08687,77.17342,LYI
9872232045000,7.145275,9.81440102174522,1.12925165222585,-1.63702523916939,-0.023518313,0.06536258,0.022296581,-25.328552,-172.08517,77.17358,LYI
9872236690000,7.14992,9.77703684115725,1.11264531120859,-1.62457048340644,-0.026267206,0.10048734,0.02565634,-25.331495,-172.08543,77.18267,LYI
9872241697000,7.154927,9.73676074811013,1.09474478387308,-1.61114508790481,-0.02321288,0.13530666,0.022602014,-25.336168,-172.08273,77.199394,LYI
9872246709000,7.159939,9.67988089446267,1.087897933552,-1.59347123420799,-0.022602014,0.14966199,0.018936822,-25.339064,-172.08061,77.21936,LYI
9872251665000,7.164895,9.6203577376037,1.08331925124445,-1.57515650497781,-0.02565634,0.16157386,0.019242255,-25.341465,-172.07877,77.24601,LYI
9872256721000,7.169951,9.59445331573635,1.07848458714041,-1.56320707428081,-0.04428773,0.15760323,0.010995574,-25.339628,-172.07414,77.27068,LYI
9872261649000,7.174879,9.58016226496417,1.0737208372262,-1.55367957445241,-0.03756821,0.14874569,0.010995574,-25.343561,-172.07307,77.29757,LYI
9872266732000,7.179962,9.58031407042254,1.0761093971831,-1.54793573943662,-0.04153884,0.1151481,0.002443461,-25.337763,-172.06361,77.31311,LYI
9872271698000,7.184928,9.58475016612256,1.08054540024251,-1.54349978269751,-0.062002823,0.08674286,0.004276057,-25.328632,-172.05673,77.32903,LYI
9872277126000,7.190356,9.6218210370775,1.1087569662447,-1.56622890806452,-0.047647487,0.04520403,0.00061086525,-25.327883,-172.04776,77.33257,LYI
9872281785000,7.195015,9.667695212055,1.14316258250867,-1.59776733225806,-0.056505036,-0.0027488936,-0.004886922,-25.314703,-172.03687,77.328224,LYI
9872286725000,7.199955,9.71633621321167,1.17964331750418,-1.63120794516129,-0.04520403,-0.03145956,-0.0033597588,-25.311098,-172.0313,77.32354,LYI
9872291719000,7.204949,9.74682704430017,1.20191032982624,-1.67606730406721,-0.048258353,-0.04428773,0.0021380284,-25.301075,-172.02444,77.31187,LYI
9872296717000,7.209947,9.76053647145312,1.21105007517663,-1.73090582388772,-0.03848451,-0.044898596,0.0015271631,-25.298243,-172.01776,77.296265,LYI
9872301715000,7.214945,9.76553034848175,1.21203561082907,-1.75791351082907,-0.03390302,-0.040927973,0.005192355,-25.295055,-172.00946,77.27464,LYI
9872306790000,7.22002,9.75889735291709,1.202086325261,-1.747964225261,-0.025961773,-0.015271631,0.0033597588,-25.295944,-172.00049,77.257416,LYI
9872311728000,7.224958,9.75244341555783,1.19240562139202,-1.73828352139202,-0.026572637,-0.009773844,0.005192355,-25.301884,-171.99461,77.23232,LYI
9872316716000,7.229946,9.73027214994564,1.1875241,-1.71803196673915,-0.024740042,0.007330383,0.0106901415,-25.310726,-171.9901,77.21649,LYI
9872321725000,7.234955,9.69234000345952,1.1875241,-1.68721191205397,-0.018936822,0.020158553,0.01160644,-25.320599,-171.98526,77.20103,LYI
9872326698000,7.239928,9.65468047771078,1.1875241,-1.65661336305229,-0.027183503,0.021991149,0.007941248,-25.32667,-171.98552,77.19392,LYI
9872331736000,7.244966,9.61652872007512,1.1875241,-1.62561487323317,-0.025961773,0.013439035,0.007941248,-25.336847,-171.98785,77.18827,LYI
9872336719000,7.249949,9.60183902687153,1.18531982074252,-1.59788213440165,-0.03145956,-0.0076358155,0.00580322,-25.342133,-171.98482,77.1759,LYI
9872341806000,7.255036,9.6150289354271,1.18037356199404,-1.57315090952349,-0.028405234,-0.03390302,0.00030543262,-25.350264,-171.9815,77.160164,LYI
9872346723000,7.259953,9.62777805678896,1.17559259988155,-1.54924616552389,-0.03176499,-0.05497787,0.0021380284,-25.351713,-171.98186,77.15424,LYI
9872351727000,7.264957,9.64075275747935,1.17072704478476,-1.52491845778056,-0.040927973,-0.08368854,-0.0061086523,-25.352879,-171.97777,77.13823,LYI
9872356650000,7.26988,9.65351743603628,1.16594024867335,-1.50098454386761,-0.053450707,-0.100792766,-0.002443461,-25.351772,-171.97733,77.122955,LYI
9872361617000,7.274847,9.6663962006904,1.16111066990321,-1.47683671725667,-0.058337633,-0.11178834,0.0015271631,-25.350624,-171.97476,77.10184,LYI
9872366629000,7.279859,9.70006403275434,1.1687896190273,-1.49274040666005,-0.06352998,-0.10598512,-0.00030543262,-25.341467,-171.96948,77.07684,LYI
9872371659000,7.284889,9.75265811215881,1.1879147524268,-1.54533443613896,-0.06872234,-0.09285152,-0.00030543262,-25.3359379241848,-171.96843355071,77.0704858391678,LYI
9872376627000,7.289857,9.80333265147935,1.19248042668494,-1.61218058395879,-0.070249505,-0.047647487,0.00580322,-25.330477,-171.9674,77.06421,LYI
9872382469000,7.295699,9.86150691086114,1.18190330869647,-1.70737470107761,-0.06811147,0.025961773,0.013744468,-25.319258,-171.96419,77.069115,LYI
9872386650000,7.29988,9.87749983683523,1.17890815718307,-1.7429788,-0.04734206,0.059864793,0.018020526,-25.311045,-171.96408,77.07238,LYI
9872391634000,7.304864,9.86310425907309,1.1813074117925,-1.7429788,-0.048563786,0.11026118,0.022907447,-25.297005,-171.96535,77.09703,LYI
9872396605000,7.309835,9.84874622996884,1.18370040831406,-1.7429788,-0.031154128,0.16187929,0.028405234,-25.30435,-171.97429,77.12228,LYI
9872401707000,7.314937,9.83400982592742,1.18615646710566,-1.7429788,-0.027183503,0.18845193,0.025350908,-25.307444,-171.98117,77.15171,LYI
9872406689000,7.319919,9.80391718340611,1.18354468635614,-1.72905085224648,-0.010995574,0.2049453,0.02687807,-25.314644,-171.99608,77.19313,LYI
9872411715000,7.324945,9.7525378558952,1.17420300818049,-1.69635497863173,-0.026267206,0.19700404,0.03145956,-25.313665,-172.00908,77.233635,LYI
9872416642000,7.329872,9.70439877744339,1.16667993957275,-1.66579788156791,-0.027183503,0.18661933,0.022602014,-25.325727,-172.02257,77.278625,LYI
9872421734000,7.334964,9.65868684158074,1.16186812643939,-1.63692712837831,-0.03390302,0.15027285,0.016187929,-25.331154,-172.03635,77.31576,LYI
9872426639000,7.339869,9.61465364334698,1.15723302364695,-1.60911663262124,-0.033292156,0.09010262,0.014049901,-25.341993,-172.0441,77.34531,LYI
9872431713000,7.344943,9.56910329720263,1.15243822006512,-1.58034793629681,-0.04337143,0.040927973,0.004581489,-25.347895,-172.04688,77.365654,LYI
9872436684000,7.349914,9.54427981492393,1.15210673009418,-1.56607686446269,-0.057726767,-0.01038471,0.0036651916,-25.353436,-172.05582,77.378044,LYI
9872441725000,7.354955,9.56293285399662,1.16143332267085,-1.58239835886501,-0.04795292,-0.06291912,-0.0015271631,-25.363243,-172.06139,77.37639,LYI
9872446683000,7.359913,9.58127877102149,1.17060635302101,-1.59845112007245,-0.043982297,-0.09865474,-0.003970624,-25.36205,-172.0647,77.37176,LYI
9872451686000,7.364916,9.5997912,1.17986264,-1.61464958,-0.034208454,-0.12370021,-0.008246681,-25.365612,-172.06674,77.35683,LYI
9872456730000,7.36996,9.63480548282732,1.1842421747723,-1.63544142105313,-0.025045475,-0.13316862,-0.006414085,-25.369028,-172.06532,77.33327,LYI
9872461746000,7.374976,9.74418807182163,1.16601167981973,-1.67645997520873,-0.01863139,-0.14263703,-0.008857546,-25.374887,-172.06204,77.30343,LYI
9872466773000,7.380003,9.84358154851262,1.14959192728735,-1.71374823202444,-0.01282817,-0.13652839,-0.0067195175,-25.38559,-172.06044,77.27338,LYI
9872471720000,7.38495,9.8268220447982,1.15416275164817,-1.70765382075575,-0.01160644,-0.12156218,-0.003970624,-25.396996,-172.0587,77.243866,LYI
9872476976000,7.390206,9.80901570731629,1.15901907928927,-1.70117873977167,-0.009468411,-0.090713486,-0.00061086525,-25.415092,-172.06319,77.219955,LYI
9872481706000,7.394936,9.79299135870719,1.16338940458273,-1.69535165966233,-0.01740966,-0.06352998,0.004581489,-25.430536,-172.06857,77.20014,LYI
9872487063000,7.400293,9.77484285225921,1.16833905206625,-1.68875215265477,-0.030543262,-0.028405234,0.004581489,-25.445105,-172.07327,77.18918,LYI
9872491716000,7.404946,9.75907936513909,1.17263823252935,-1.68301993198907,-0.03390302,-0.0018325958,0.006414085,-25.459887,-172.07999,77.18393,LYI
9872496685000,7.409915,9.74224532957067,1.17722938398456,-1.67689841802219,-0.04337143,0.028099801,0.011301007,-25.470219,-172.08269,77.18484,LYI
9872501694000,7.414924,9.70840658229066,1.16624494427334,-1.66033807260828,-0.0580322,0.0580322,0.0076358155,-25.478157,-172.08308,77.19048,LYI
9872506721000,7.419951,9.67133790038499,1.15234424903754,-1.64180382842156,-0.06566802,0.07666359,0.009773844,-25.484888,-172.08632,77.20196,LYI
9872511727000,7.424957,9.64126433723768,1.15646136686188,-1.64125616451928,-0.057421334,0.08399397,0.007941248,-25.48959,-172.08455,77.21585,LYI
9872516643000,7.429873,9.61369203113714,1.16565215155686,-1.64585153287457,-0.04917465,0.0888809,0.00580322,-25.491894,-172.08296,77.2332,LYI
9872521711000,7.434941,9.59507551687657,1.16488325399496,-1.65418515559698,-0.044898596,0.09132435,0.0030543262,-25.494316,-172.08159,77.25244,LYI
9872526649000,7.439879,9.5807814372796,1.16011844470529,-1.66371472442317,-0.04642576,0.07788532,-0.004581489,-25.497402,-172.07838,77.267365,LYI
9872531738000,7.444968,9.58919884241158,1.14994233680545,-1.66282387623738,-0.04062254,0.08002335,-0.0027488936,-25.506565,-172.07399,77.284294,LYI
9872536752000,7.449982,9.6059191593792,1.13799932451873,-1.65804664638114,-0.03390302,0.07849618,-0.00580322,-25.515644,-172.06627,77.29476,LYI
9872541756000,7.454986,9.62260612908521,1.12608013156245,-1.65327894430682,-0.035124753,0.06780604,-0.005192355,-25.52526,-172.06093,77.30308,LYI
9872546689000,7.459919,9.63905633323385,1.11433005585236,-1.64857888948416,-0.029932396,0.067500606,-0.004886922,-25.538399,-172.0555,77.31244,LYI
9872551750000,7.46498,9.66381743263976,1.09093688928948,-1.63389555952632,-0.027794369,0.05009095,-0.005497787,-25.559446,-172.05573,77.32616,LYI
9872556841000,7.470071,9.69186699252086,1.06288693888196,-1.61519559258798,-0.015577064,0.039095376,-0.0018325958,-25.584211,-172.05803,77.341415,LYI
9872561780000,7.47501,9.72999093946147,1.04197439426184,-1.61750928183844,-0.037873644,0.026572637,0.0015271631,-25.599094,-172.06143,77.354935,LYI
9872566747000,7.479977,9.77415803844011,1.02430750855153,-1.63075941153203,-0.03023783,0.01985312,0.009468411,-25.625286,-172.06915,77.368286,LYI
9872571751000,7.484981,9.80468795435186,1.02021803021732,-1.62748083956536,-0.017715093,0.01740966,0.016187929,-25.648146,-172.07993,77.385956,LYI
9872576717000,7.489947,9.82026927421645,1.03060535986677,-1.60670618026646,-0.028099801,-0.004276057,0.009773844,-25.666424,-172.08823,77.39633,LYI
9872582870000,7.4961,9.82375797911799,1.05066294659755,-1.5993267,-0.02443461,-0.007330383,0.02321288,-25.695763,-172.10796,77.41613,LYI
9872586683000,7.499913,9.82198047225467,1.06488272310164,-1.5993267,-0.03848451,-0.01282817,0.025961773,-25.717224,-172.12119,77.42697,LYI
9872591673000,7.504903,9.81965428309969,1.08349187200156,-1.5993267,-0.044898596,-0.013744468,0.029932396,-25.732973,-172.14252,77.44491,LYI
9872596713000,7.509943,9.81730478543614,1.10228748531931,-1.5993267,-0.040317107,-0.022602014,0.03176499,-25.747656,-172.16327,77.45932,LYI
9872601686000,7.514916,9.8072780626066,1.12625055734424,-1.6018835239992,-0.0421497,-0.022907447,0.03726278,-25.758331,-172.18494,77.47618,LYI
9872606765000,7.519995,9.79019739630781,1.15553155033611,-1.60676368525133,-0.043676864,-0.01863139,0.03756821,-25.770376,-172.2053,77.49094,LYI
9872611801000,7.525031,9.77326133891843,1.18456464360389,-1.61160252991873,-0.036651913,-0.024740042,0.040011674,-25.781803,-172.22296,77.50212,LYI
9872616710000,7.52994,9.75675238226146,1.21286556791913,-1.61631934653356,-0.018020526,-0.002443461,0.043676864,-25.79596,-172.24107,77.52041,LYI
9872621694000,7.534924,9.7365660853012,1.23592963175904,-1.62352946587952,-0.01863139,0.007330383,0.044898596,-25.806522,-172.25809,77.534096,LYI
9872626721000,7.539951,9.71336484501205,1.25449062399036,-1.63280996199518,-0.014966198,0.025961773,0.03940081,-25.823477,-172.27484,77.55357,LYI
9872631703000,7.544933,9.68881138618273,1.25845954150188,-1.62968335810263,-0.0033597588,0.04153884,0.04184427,-25.837847,-172.28632,77.56864,LYI
9872636693000,7.549923,9.66249516290363,1.24649753098874,-1.61293654338423,0.0036651916,0.052534413,0.03848451,-25.852058,-172.2943,77.58434,LYI
9872641716000,7.554946,9.6360049044806,1.23445641299124,-1.59607897818773,0.00061086525,0.06994407,0.044593163,-25.866365,-172.30324,77.603874,LYI
9872646711000,7.559941,9.6096623122403,1.22248241649562,-1.57931538309387,0.0015271631,0.06994407,0.028099801,-25.884228,-172.3052,77.616745,LYI
9872651690000,7.56492,9.59820823595506,1.2095122289178,-1.55486431067416,-0.0076358155,0.06841691,0.02443461,-25.897415,-172.31165,77.635826,LYI
9872656761000,7.569991,9.60299434831461,1.19515269231224,-1.5213586752809,-0.019242255,0.057726767,0.029626964,-25.910007,-172.3158,77.650894,LYI
9872661686000,7.574916,9.6181385424162,1.1812233287919,-1.49935810048167,-0.017715093,0.04642576,0.02565634,-25.91941,-172.3254,77.67257,LYI
9872666705000,7.579935,9.64648777656542,1.16704871171729,-1.48990838865625,-0.024740042,0.014049901,0.015271631,-25.922907,-172.33328,77.68614,LYI
9872671671000,7.584901,9.67627561841978,1.16258720243335,-1.48630179131362,-0.03359759,0.002443461,0.018020526,-25.918365,-172.34038,77.70125,LYI
9872676708000,7.589938,9.70901147939893,1.17194029859428,-1.49097831497819,-0.03756821,-0.01863139,0.02107485,-25.913528,-172.34438,77.70496,LYI
9872681642000,7.594872,9.7398368472041,1.17304687639795,-1.51031650554161,-0.03268129,-0.016798794,0.02107485,-25.908112,-172.34982,77.71348,LYI
9872686699000,7.599929,9.76900864491517,1.15846097754242,-1.55893604993475,-0.038179077,-0.020463986,0.01985312,-25.898699,-172.35492,77.7163,LYI
9872691653000,7.604883,9.78600491261357,1.15220092803314,-1.5987022373597,-0.044898596,-0.02107485,0.028405234,-25.889746,-172.36212,77.72172,LYI
9872696711000,7.609941,9.78168988802779,1.16083084203634,-1.62459184420096,-0.033292156,0.007941248,0.024129177,-25.885017,-172.36581,77.73041,LYI
9872701704000,7.614934,9.77344487941386,1.16725172277399,-1.64665131430752,-0.02321288,0.02443461,0.02321288,-25.87897,-172.37627,77.73222,LYI
9872706737000,7.619967,9.73420571232319,1.15744195660934,-1.64174645683321,-0.01863139,0.036957346,0.01863139,-25.87503,-172.38448,77.73813,LYI
9872711740000,7.62497,9.69539885034951,1.14774025487841,-1.62951289412228,-0.017715093,0.05222898,0.016493361,-25.87585,-172.39285,77.744675,LYI
9872716708000,7.629938,9.65792534911883,1.13837183065866,-1.57798651200158,-0.022907447,0.05222898,0.011301007,-25.87645,-172.39877,77.74907,LYI
9872721741000,7.634971,9.62380182926107,1.13065598874574,-1.52754668693914,-0.026572637,0.048563786,0.008857546,-25.87356,-172.4039,77.75196,LYI
9872726714000,7.639944,9.61674944316107,1.13535764493805,-1.48993341285355,-0.035124753,0.033292156,0.009773844,-25.86791,-172.4079,77.751854,LYI
9872731689000,7.644919,9.60969422079076,1.14006119200355,-1.45230501177255,-0.05497787,0.0143553335,0.00580322,-25.85306,-172.40808,77.75404,LYI
9872736697000,7.649927,9.60259219996051,1.14479593847673,-1.41442701526729,-0.07238753,-0.0033597588,0.005192355,-25.83651,-172.40907,77.75378,LYI
9872741776000,7.655006,9.60049654967095,1.1510310230257,-1.38420039909903,-0.08277224,-0.025961773,0.0067195175,-25.811811,-172.40833,77.74479,LYI
9872746710000,7.65994,9.65602608335945,1.17324287515669,-1.44713398657944,-0.089491755,-0.040927973,0.005192355,-25.783794,-172.40585,77.733284,LYI
9872751683000,7.664913,9.71199454120965,1.19563029725791,-1.51056502235976,-0.09468412,-0.043982297,0.0030543262,-25.744253,-172.39952,77.72764,LYI
9872756695000,7.669925,9.74781882179544,1.19300111136668,-1.56374846755248,-0.09468412,-0.03970624,0.0036651916,-25.70487,-172.39352,77.72097,LYI
9872761724000,7.674954,9.76395137762394,1.16611308781822,-1.60676915923403,-0.09987647,-0.010995574,0.004276057,-25.663242,-172.38649,77.719215,LYI
9872766710000,7.67994,9.771677617732,1.16546273100693,-1.63848762338275,-0.077579886,0.025045475,0.01282817,-25.63699,-172.38321,77.71353,LYI
9872771712000,7.684942,9.77628910733539,1.17468556575857,-1.66615603133423,-0.06780604,0.06505715,0.0106901415,-25.606533,-172.37637,77.71385,LYI
9872776699000,7.689929,9.77020630418822,1.1650913819456,-1.65537174722176,-0.0571159,0.09437868,0.010079277,-25.588562,-172.37767,77.71913,LYI
9872782951000,7.696181,9.75521996913065,1.14011462629735,-1.61540896948106,-0.046120327,0.12461651,0.015577064,-25.57356,-172.38048,77.73415,LYI
9872786672000,7.699902,9.74410138454756,1.12497555798523,-1.59169525025901,-0.034513887,0.12492194,0.014049901,-25.564947,-172.38138,77.74385,LYI
9872791729000,7.704959,9.72275028799735,1.10362434996142,-1.5596684939601,-0.040317107,0.12644911,0.01160644,-25.554367,-172.3831,77.76092,LYI
9872796673000,7.709903,9.70891854930796,1.09371940968858,-1.5359757299308,-0.04153884,0.118202426,0.01740966,-25.544426,-172.39676,77.78913,LYI
9872801686000,7.714916,9.70430402595156,1.0983338366782,-1.52213235259516,-0.04734206,0.099265605,0.0143553335,-25.531857,-172.40627,77.81243,LYI
9872806705000,7.719935,9.69785522675667,1.10995750328322,-1.51486034065664,-0.05100725,0.05681047,0.012217305,-25.517271,-172.4184,77.83265,LYI
9872811715000,7.724945,9.68804071003375,1.13449456373121,-1.51976775274624,-0.064446285,0.028710667,0.0125227375,-25.498365,-172.42915,77.851036,LYI
9872816647000,7.729877,9.68757105592009,1.15102317712271,-1.53355048159828,-0.064446285,-0.00061086525,0.0143553335,-25.479446,-172.43779,77.85883,LYI
9872821778000,7.735008,9.7020078035452,1.15583549333072,-1.56242442909607,-0.063224554,-0.019242255,0.005192355,-25.457706,-172.44252,77.8607,LYI
9872826655000,7.739885,9.71903015386894,1.16449731621648,-1.58180273077379,-0.062308256,-0.044593163,0.003970624,-25.435331,-172.44695,77.854385,LYI
9872831685000,7.744915,9.74281727746778,1.18114832757395,-1.58656015549356,-0.051923547,-0.05009095,0.004886922,-25.41664,-172.44978,77.84739,LYI
9872836655000,7.749885,9.76632065804158,1.1976007185176,-1.59126083160832,-0.061391957,-0.060170226,0.00030543262,-25.404846,-172.44547,77.82987,LYI
9872841676000,7.754906,9.79006522018666,1.214221936813,-1.59600974403733,-0.048258353,-0.05589417,0.0036651916,-25.402414,-172.44533,77.81646,LYI
9872846665000,7.759895,9.810679082324,1.2231453012112,-1.60738471038986,-0.053450707,-0.049480084,0.004276057,-25.392548,-172.44194,77.800606,LYI
9872851684000,7.764914,9.82432413238077,1.21404879114307,-1.63467428808668,-0.054061573,-0.049480084,-0.0018325958,-25.388033,-172.43858,77.78421,LYI
9872856681000,7.769911,9.83275178819188,1.20448669321033,-1.6567876,-0.052839845,-0.03176499,0.0106901415,-25.38081,-172.43747,77.77565,LYI
9872861671000,7.774901,9.81864451193112,1.19273064602706,-1.6567876,-0.03481932,-0.016187929,0.015577064,-25.378803,-172.43349,77.76474,LYI
9872866701000,7.779931,9.80442415129151,1.18088036199262,-1.6567876,-0.036957346,-0.0012217305,0.013744468,-25.379496,-172.4289,77.755486,LYI
9872871679000,7.784909,9.7903508003444,1.1691525858647,-1.6567876,-0.029626964,0.019242255,0.014966198,-25.38774,-172.42798,77.752625,LYI
9872876694000,7.789924,9.77374069161707,1.15580839753859,-1.65081718884293,-0.01863139,0.03176499,0.0143553335,-25.39048,-172.42473,77.74606,LYI
9872881707000,7.794937,9.73983960274387,1.13159347854333,-1.60238730028246,-0.0290161,0.046120327,0.021380283,-25.388933,-172.42342,77.74622,LYI
9872886700000,7.79993,9.70694115202083,1.10762557144786,-1.55773546458956,-0.023823744,0.04428773,0.022296581,-25.401447,-172.42201,77.7453,LYI
9872891683000,7.804913,9.67932196006559,1.08460965826179,-1.53471950333751,-0.025961773,0.032986723,0.019242255,-25.40866,-172.42068,77.745895,LYI
9872896763000,7.809993,9.6541943040373,1.06418553183216,-1.51390868990676,-0.030848695,0.018020526,0.02076942,-25.412329,-172.42207,77.75172,LYI
9872901680000,7.81491,9.66353665281222,1.07819876234501,-1.52325086796945,-0.0421497,-0.014049901,0.01863139,-25.413645,-172.4212,77.74982,LYI
9872906845000,7.820075,9.67335020404722,1.09291878178752,-1.53306423988196,-0.033292156,-0.024740042,0.021380283,-25.420282,-172.42184,77.75197,LYI
9872911719000,7.824949,9.6826108523956,1.10680946421982,-1.54232471901101,-0.04153884,-0.027183503,0.018936822,-25.419046,-172.41914,77.74762,LYI
9872916942000,7.830172,9.69399638389949,1.12313172199162,-1.55333221288972,-0.043982297,-0.028099801,0.008246681,-25.426725,-172.40982,77.73708,LYI
9872921725000,7.834955,9.7195739716147,1.15297270096789,-1.57464716607725,-0.035124753,-0.01038471,0.0106901415,-25.434883,-172.40399,77.73242,LYI
9872926651000,7.839881,9.74591626663564,1.18370585221964,-1.59659938422522,-0.031154128,-0.0018325958,-0.002443461,-25.442055,-172.38821,77.71818,LYI
9872931710000,7.84494,9.7451780296694,1.19955801624753,-1.60333800541584,-0.015577064,0.025961773,-0.0012217305,-25.454412,-172.37866,77.71557,LYI
9872936667000,7.849897,9.74070706499011,1.21297203082792,-1.60780934360931,-0.0143553335,0.058948494,0.004581489,-25.463875,-172.36674,77.71485,LYI
9872941720000,7.85495,9.72155864681624,1.2090327587265,-1.60709806468162,-0.018325957,0.07849618,-0.0012217305,-25.477049,-172.34898,77.71109,LYI
9872946646000,7.859876,9.6983982968727,1.19976861874908,-1.60478202968727,-0.01863139,0.08093964,0.0036651916,-25.490765,-172.33665,77.71379,LYI
9872951700000,7.86493,9.67463613515637,1.19026375406255,-1.60240581351564,-0.02107485,0.09896017,-0.0009162979,-25.502623,-172.3187,77.72008,LYI
9872956711000,7.869941,9.65107614458245,1.18083975783298,-1.60004981445825,-0.035124753,0.095294975,0.00030543262,-25.510391,-172.30376,77.72385,LYI
9872961710000,7.87494,9.64075244569882,1.18103978971823,-1.57458674996268,-0.04428773,0.07819075,-0.0012217305,-25.517948,-172.28435,77.72361,LYI
9872966693000,7.879923,9.63629991808173,1.18549222435156,-1.53896722640418,-0.046120327,0.04734206,-0.00030543262,-25.523184,-172.26631,77.7201,LYI
9872971730000,7.88496,9.64794560694717,1.19025962138943,-1.53912535690065,-0.046731193,0.016187929,-0.0018325958,-25.527182,-172.24902,77.71238,LYI
9872976714000,7.889944,9.67261777235604,1.19519405447121,-1.56873200691616,-0.05009095,-0.016798794,-0.004581489,-25.529734,-172.23204,77.69766,LYI
9872981943000,7.895173,9.70131920692789,1.20348994673803,-1.60253476358311,-0.03756821,-0.050396383,-0.0018325958,-25.531633,-172.21571,77.68091,LYI
9872986687000,7.899917,9.72884849232478,1.21266634326399,-1.63465215142395,-0.03940081,-0.06261369,-0.0061086523,-25.528782,-172.19644,77.66046,LYI
9872991723000,7.904953,9.74114881002319,1.21164668501563,-1.66103416099123,-0.04184427,-0.059864793,-0.003970624,-25.531982,-172.18153,77.63564,LYI
9872996711000,7.909941,9.74355705283856,1.2044213529999,-1.68271018218715,-0.045814894,-0.04886922,-0.002443461,-25.534414,-172.16577,77.61007,LYI
9873001719000,7.914949,9.74597495179994,1.19716705012605,-1.70447311605828,-0.043066,-0.020158553,-0.004581489,-25.541292,-172.15065,77.58633,LYI
9873006702000,7.919932,9.7483807805788,1.18994896082485,-1.72612740908541,-0.026572637,0.0076358155,-0.0030543262,-25.550846,-172.13808,77.56667,LYI
9873011714000,7.924944,9.74605582140757,1.1749903059008,-1.71146791758479,-0.025961773,0.03940081,0.0067195175,-25.55643,-172.12718,77.55605,LYI
9873016710000,7.92994,9.74136637855323,1.15623091844736,-1.67863907524015,-0.027488936,0.049785517,0.00580322,-25.566225,-172.11491,77.54563,LYI
9873021693000,7.934923,9.72938959013023,1.15067727840987,-1.64445719335161,-0.024740042,0.052839845,0.0070249503,-25.570604,-172.10663,77.52948,LYI
9873026722000,7.939952,9.71288444462939,1.15303514226966,-1.60908918621365,-0.017715093,0.059253927,0.015882496,-25.575579,-172.10078,77.51812,LYI
9873031705000,7.944935,9.69653027083129,1.15537143887203,-1.57404468838735,-0.021991149,0.04886922,0.013439035,-25.575548,-172.09322,77.50684,LYI
9873036689000,7.949919,9.68017281503966,1.15770820432782,-1.53899315774993,-0.025045475,0.03023783,0.008857546,-25.577654,-172.08815,77.49662,LYI
9873041684000,7.954914,9.66492204303747,1.16389566897923,-1.52526322117086,-0.017715093,0.010995574,0.009773844,-25.585714,-172.08095,77.483604,LYI
9873046706000,7.959936,9.6505813154756,1.17345633704403,-1.5300435302455,-0.016187929,0.0018325958,0.0027488936,-25.591593,-172.07024,77.46693,LYI
9873051687000,7.964917,9.64606343717971,1.18016592251281,-1.53894489070507,-0.02321288,-0.016187929,0.0061086523,-25.588238,-172.05988,77.453316,LYI
9873056737000,7.969967,9.65033617087825,1.18443901316487,-1.55176420728044,-0.027183503,-0.034513887,0.006414085,-25.5865,-172.04742,77.43632,LYI
9873061689000,7.974919,9.65917124274622,1.18688519006947,-1.56165840993053,-0.035124753,-0.042455133,-0.00030543262,-25.580383,-172.03487,77.41749,LYI
9873066701000,7.979931,9.68123878994687,1.18443326313854,-1.56411033686146,-0.03634648,-0.03481932,-0.0021380284,-25.575064,-172.02429,77.3997,LYI
9873071684000,7.984914,9.70317865181855,1.1819955233347,-1.5665480766653,-0.03268129,-0.026572637,-0.010079277,-25.572136,-172.01031,77.377716,LYI
9873076713000,7.989943,9.72532104903964,1.17953527981201,-1.56900832018799,-0.029626964,-0.018020526,-0.004581489,-25.568483,-172.00002,77.36039,LYI
9873081688000,7.994918,9.73457496404665,1.17542828202333,-1.57311530920893,-0.03573562,-0.005497787,-0.01282817,-25.564737,-171.98694,77.346016,LYI
9873086690000,7.99992,9.71999991729209,1.16814075864604,-1.5804028072211,-0.03756821,0.003970624,-0.012217305,-25.562716,-171.97864,77.33597,LYI
9873091659000,8.004889,9.70552102738337,1.16090131369168,-1.58764222697769,-0.028099801,0.018325957,-0.013439035,-25.562824,-171.96936,77.329216,LYI
9873096708000,8.009938,9.69080902996958,1.15354531498479,-1.59499820008114,-0.024129177,0.02443461,-0.011301007,-25.560757,-171.9612,77.32381,LYI
9873101654000,8.014884,9.68394173473379,1.14802362689881,-1.59574718692594,-0.03145956,0.0290161,-0.013133603,-25.558283,-171.95184,77.32049,LYI
9873106716000,8.019946,9.6885288928211,1.1449654789301,-1.58657275898625,-0.032986723,0.03359759,-0.011301007,-25.558365,-171.9449,77.31973,LYI
9873111650000,8.02488,9.69300005797376,1.14198466066112,-1.57763031974199,-0.035430185,0.043066,-0.012217305,-25.559425,-171.94481,77.3254,LYI
9873116709000,8.029939,9.69758449747666,1.13892832510724,-1.56846132903735,-0.041233405,0.063224554,-0.011301007,-25.558916,-171.94553,77.334984,LYI
9873121708000,8.034938,9.70211456529145,1.13590823785011,-1.55940108303369,-0.054061573,0.052839845,-0.008246681,-25.557955,-171.94708,77.3422,LYI
9873126706000,8.039936,9.70664372691143,1.13288875473126,-1.55034264944171,-0.0693332,0.048258353,-0.008552114,-25.554575,-171.94751,77.354294,LYI
9873131762000,8.044992,9.71198468850633,1.13263608995443,-1.54113088200506,-0.07360926,0.049785517,0.004581489,-25.550133,-171.95245,77.368164,LYI
9873136699000,8.049929,9.72634873377215,1.16615154564051,-1.53155495181772,-0.080634214,0.03940081,0.008246681,-25.540865,-171.95372,77.37636,LYI
9873141684000,8.054914,9.74032802742967,1.19960357440189,-1.52592992796425,-0.081855945,0.03970624,0.006414085,-25.537249,-171.95265,77.39199,LYI
9873146720000,8.05995,9.74878079300675,1.22918918071159,-1.563968608781,-0.073303826,0.0421497,0.014966198,-25.533953,-171.95566,77.40803,LYI
9873151669000,8.064899,9.75708753185523,1.25826367746035,-1.60135014797126,-0.07238753,0.038179077,0.010079277,-25.525215,-171.94986,77.41923,LYI
9873156785000,8.070015,9.77464590855071,1.26810849786484,-1.62081349359452,-0.044898596,0.040011674,0.009773844,-25.526064,-171.94951,77.43426,LYI
9873161648000,8.074878,9.79340781216638,1.27279899825763,-1.63488499477289,-0.03023783,0.036651913,0.01160644,-25.523546,-171.94786,77.44643,LYI
9873166708000,8.079938,9.80075164205607,1.26267960429907,-1.59716964401869,-0.02107485,0.03176499,0.013439035,-25.529171,-171.95227,77.45914,LYI
9873171756000,8.084986,9.80526983794392,1.24912529970093,-1.54747047998131,-0.013439035,0.018936822,0.018325957,-25.538214,-171.95856,77.46983,LYI
9873176711000,8.089941,9.79840657923497,1.22025426469945,-1.52679330964271,-0.0125227375,0.02107485,0.015271631,-25.549149,-171.9632,77.47994,LYI
9873182881000,8.096111,9.78350417486339,1.17554637726776,-1.51685823507356,-0.01985312,0.005497787,0.021685716,-25.559286,-171.97168,77.48568,LYI
9873186685000,8.099915,9.77939482844756,1.15731872535095,-1.51092308802642,-0.030543262,0.009468411,0.018020526,-25.568802,-171.97488,77.50146,LYI
9873191721000,8.104951,9.78437286870355,1.15234052914946,-1.5034557937242,-0.030543262,-0.0027488936,0.011911872,-25.578943,-171.97922,77.510574,LYI
9873196708000,8.109938,9.78930247290462,1.14741077052023,-1.49606115578035,-0.043982297,-0.019242255,0.01160644,-25.583502,-171.98743,77.52245,LYI
9873201737000,8.114967,9.7942735937242,1.14243949397192,-1.48860424095789,-0.046120327,-0.029932396,0.022602014,-25.590971,-171.99747,77.5335,LYI
9873206677000,8.119907,9.81264719672131,1.14158675934426,-1.49219203737705,-0.051618114,-0.04428773,0.029626964,-25.594418,-172.00838,77.54257,LYI
9873211715000,8.124945,9.84986864030858,1.14623940335583,-1.51080261342334,-0.041233405,-0.057726767,0.032375857,-25.601551,-172.0215,77.55041,LYI
9873216684000,8.129914,9.87869887956022,1.15088711644178,-1.54108569830085,-0.040317107,-0.061391957,0.043066,-25.605146,-172.03818,77.56292,LYI
9873221717000,8.134947,9.89315146226886,1.15570471108446,-1.59407928967516,-0.027488936,-0.051923547,0.04428773,-25.615267,-172.05362,77.57382,LYI
9873226653000,8.139883,9.89627089549296,1.16033040019718,-1.63574103679812,-0.024129177,-0.03756821,0.057421334,-25.623863,-172.07501,77.5875,LYI
9873231705000,8.144935,9.87809934957746,1.16487335783099,-1.65845563522066,-0.02321288,-0.004886922,0.06566802,-25.635424,-172.09532,77.60617,LYI
9873236658000,8.149888,9.84808607569721,1.16730216055777,-1.67807785657371,-0.014660766,0.040927973,0.063224554,-25.661655,-172.1188,77.62975,LYI
9873241723000,8.154953,9.77180201404907,1.16221650334452,-1.68824906479346,-0.006414085,0.07544186,0.060170226,-25.687513,-172.1437,77.65856,LYI
9873246644000,8.159874,9.69512201312336,1.16020122834646,-1.6810186488189,0.0067195175,0.09101892,0.06078109,-25.716732,-172.16753,77.68627,LYI
9873251729000,8.164959,9.60991131321085,1.16493521653543,-1.63367921181102,0.01038471,0.1301143,0.0711658,-25.744907,-172.1925,77.72686,LYI
9873256717000,8.169947,9.54367739822025,1.17088454315907,-1.58549945606229,0.014660766,0.14355333,0.063224554,-25.779253,-172.21254,77.75818,LYI
9873261708000,8.174938,9.52676028536758,1.18055140710891,-1.53233167910304,0.015882496,0.1414153,0.05222898,-25.8129,-172.23393,77.794586,LYI
9873266656000,8.179886,9.50998892203458,1.19013498611589,-1.47962196954697,0.014049901,0.12858713,0.051618114,-25.847822,-172.24486,77.829216,LYI
9873271795000,8.185025,9.49257015967236,1.20008850521792,-1.42487758850238,0.02107485,0.10445796,0.035430185,-25.885569,-172.24854,77.85473,LYI
9873276680000,8.18991,9.48872153362784,1.20411686437072,-1.38095449311215,0.018325957,0.05467244,0.02076942,-25.919231,-172.25174,77.87083,LYI
9873281707000,8.194937,9.51476340587811,1.19543627050126,-1.35491271150379,0.005192355,-0.011911872,0.008857546,-25.951582,-172.25098,77.874626,LYI
9873286715000,8.199945,9.54269249491317,1.18962034745658,-1.33285319796527,-0.0021380284,-0.08093964,0.002443461,-25.967009,-172.24081,77.87081,LYI
9873291722000,8.204952,9.59196907244888,1.21425863622444,-1.35256382897955,-0.02107485,-0.13041973,-0.003970624,-25.975407,-172.22656,77.8546,LYI
9873296695000,8.209925,9.63945191339214,1.23592649133921,-1.37622248740978,-0.034208454,-0.17654006,-0.004886922,-25.980028,-172.21304,77.82869,LYI
9873301691000,8.214921,9.67782055236568,1.23976335523657,-1.42610171807538,-0.047647487,-0.17562376,-0.0015271631,-25.979246,-172.19861,77.80276,LYI
9873306688000,8.219918,9.71619687121091,1.24360098712109,-1.47599093257418,-0.06566802,-0.16126843,0.00061086525,-25.966297,-172.19217,77.77491,LYI
9873311721000,8.224951,9.74734017476,1.23633284273464,-1.55454626108677,-0.070554934,-0.118507855,-0.0015271631,-25.953695,-172.1857,77.75435,LYI
9873316731000,8.229961,9.7741720891975,1.22291693221176,-1.64845772813869,-0.07391469,-0.063224554,0.009773844,-25.936396,-172.18306,77.74347,LYI
9873321692000,8.234922,9.76993317184024,1.20370898331391,-1.71767675623477,-0.064446285,0.010079277,0.01863139,-25.928493,-172.18164,77.74009,LYI
9873326716000,8.239946,9.73425154115902,1.17822225633012,-1.76355291803157,-0.05375614,0.06291912,0.022907447,-25.920015,-172.18205,77.7459,LYI
9873331708000,8.244938,9.6974686497442,1.16377240594254,-1.7468005266037,-0.04337143,0.1133155,0.023823744,-25.93259,-172.18619,77.75863,LYI
9873336696000,8.249926,9.65987000480126,1.15625263769382,-1.69040248066903,-0.012217305,0.12675454,0.03145956,-25.953543,-172.19476,77.776375,LYI
9873341739000,8.254969,9.61896220098992,1.15048987272406,-1.62744934147074,0.0030543262,0.12767084,0.030543262,-25.979738,-172.20456,77.79605,LYI
9873346717000,8.259947,9.54311655877674,1.16734454299098,-1.49261228732544,-0.0018325958,0.121256754,0.027794369,-26.008324,-172.21616,77.81723,LYI
9873351667000,8.264897,9.46769752925579,1.18410440996995,-1.35853365775146,-0.00030543262,0.089186326,0.022296581,-26.036758,-172.23453,77.848076,LYI
9873356823000,8.270053,9.44431418634854,1.19951607003926,-1.32717887665358,0.00030543262,0.04795292,0.02565634,-26.062773,-172.25374,77.875305,LYI
9873361646000,8.274876,9.43501390023155,1.21346620788281,-1.32252883070573,-0.027794369,0.022907447,0.01985312,-26.08091,-172.26706,77.89533,LYI
9873366707000,8.279937,9.48417248630073,1.22718683480078,-1.36532873920312,-0.04917465,-0.009162978,0.01282817,-26.082184,-172.27278,77.9175,LYI
9873371739000,8.284969,9.54683296740039,1.24061410078016,-1.41903780312065,-0.08032878,-0.027183503,0.006414085,-26.072632,-172.27501,77.935555,LYI
9873376714000,8.289944,9.60184244380572,1.23699745146213,-1.46847082195285,-0.09437868,-0.045814894,-0.0018325958,-26.06077,-172.27243,77.943886,LYI
9873382879000,8.296109,9.66578781871199,1.2222408976006,-1.52749708876114,-0.108123146,-0.038789943,-0.007330383,-26.040344,-172.26738,77.953026,LYI
9873386687000,8.299917,9.71358765487885,1.21488832693735,-1.5692029640799,-0.110872045,-0.03940081,-0.0106901415,-26.024704,-172.26141,77.950134,LYI
9873391721000,8.304951,9.79777776096922,1.20962641783453,-1.63760783736084,-0.099571034,-0.039095376,-0.010079277,-26.009422,-172.25517,77.94886,LYI
9873396682000,8.309912,9.8687133851984,1.18292141020954,-1.68690563263486,-0.086437434,-0.014049901,-0.005497787,-25.994827,-172.25156,77.94401,LYI
9873401681000,8.314911,9.92420785697726,1.12742716130183,-1.71251834232724,-0.073303826,0.00061086525,-0.0018325958,-25.98375,-172.2485,77.93733,LYI
9873406706000,8.319936,9.97728402390181,1.07728664930017,-1.73438050809647,-0.04795292,0.025350908,0.008246681,-25.979074,-172.25156,77.93037,LYI
9873411719000,8.324949,10.0186347971576,1.05144222711025,-1.73954938173988,-0.031154128,0.043066,0.01038471,-25.976044,-172.2536,77.92465,LYI
9873416651000,8.329881,10.0445571976001,1.02824401676994,-1.74146602919249,-0.0290161,0.070554934,0.016798794,-25.982134,-172.26901,77.93096,LYI
9873421715000,8.334945,10.0397870659978,1.0091638888266,-1.73669599720665,-0.025350908,0.10262536,0.020463986,-25.99338,-172.28464,77.941864,LYI
9873426665000,8.339895,10.0171396058414,0.998568352554474,-1.72566064233658,-0.032375857,0.13194689,0.026572637,-26.003332,-172.30525,77.961075,LYI
9873431698000,8.344928,9.95010200584145,1.00750669922114,-1.69884560233658,-0.03726278,0.14110987,0.031154128,-26.014654,-172.32608,77.98257,LYI
9873436733000,8.349963,9.87800980631247,1.01588305968438,-1.67371651320358,-0.039095376,0.15393804,0.03940081,-26.011236,-172.35713,78.01256,LYI
9873441747000,8.354977,9.77697229931615,1.02093493503419,-1.65856083440295,-0.054367006,0.1591304,0.03481932,-26.002811,-172.38396,78.0404,LYI
9873446735000,8.359965,9.67915483510496,1.03210172868245,-1.64404637814203,-0.06261369,0.14446963,0.034208454,-25.992409,-172.41055,78.06866,LYI
9873451730000,8.36496,9.58942241527468,1.06201269889236,-1.63122741003126,-0.064751714,0.124311075,0.03481932,-25.97956,-172.43484,78.095215,LYI
9873457004000,8.370234,9.49613010606061,1.09494826969697,-1.61441741212121,-0.057421334,0.093462385,0.029626964,-25.965828,-172.4588,78.11713,LYI
9873461683000,8.374913,9.43420736748593,1.14360178732603,-1.55249476591649,-0.050396383,0.0580322,0.02107485,-25.951704,-172.48096,78.132286,LYI
9873467064000,8.380294,9.36667541969061,1.19803076291451,-1.4836611116103,-0.046120327,-0.01160644,0.024740042,-25.93901,-172.49873,78.13218,LYI
9873471775000,8.385005,9.37781253690447,1.21659256033078,-1.46881171244137,-0.035124753,-0.070249505,0.013744468,-25.931162,-172.51009,78.12222,LYI
9873476733000,8.389963,9.38953357854028,1.23612756172961,-1.45318375211882,-0.014660766,-0.12034045,0.0009162979,-25.91739,-172.51315,78.1022,LYI
9873481746000,8.394976,9.43955066385303,1.26076239637537,-1.43820916554121,-0.00580322,-0.16798794,0.0012217305,-25.903908,-172.51672,78.070755,LYI
9873486701000,8.399931,9.5196597775571,1.28903635461768,-1.42407221102284,-0.013439035,-0.20158553,-0.0015271631,-25.892519,-172.51604,78.02941,LYI
9873491683000,8.404913,9.61341894305502,1.29517197583686,-1.41251825013467,-0.023518313,-0.21410827,0.003970624,-25.879587,-172.50644,77.97775,LYI
9873496723000,8.409953,9.72020479145825,1.28124337637553,-1.4032324525202,-0.02076942,-0.21319197,0.0067195175,-25.868914,-172.49603,77.92239,LYI
9873501667000,8.414897,9.82923089111668,1.25200681991089,-1.44557769777221,-0.030543262,-0.18387043,0.013439035,-25.847805,-172.48468,77.876274,LYI
9873506740000,8.41997,9.9464832112225,1.20240000932888,-1.55381083322194,-0.036957346,-0.13775012,0.0290161,-25.828743,-172.47733,77.83791,LYI
9873511654000,8.424884,10.0167856353146,1.15534506800506,-1.63529345782485,-0.042455133,-0.079107046,0.03023783,-25.806301,-172.4703,77.813576,LYI
9873516706000,8.429936,9.98109447186216,1.10945630758773,-1.66078723727474,-0.043066,-0.02565634,0.03573562,-25.7834,-172.46889,77.802826,LYI
9873521678000,8.434908,9.94579770008401,1.0768986849622,-1.66538015154485,-0.040317107,0.03176499,0.044898596,-25.771523,-172.47783,77.79637,LYI
9873526695000,8.439925,9.90991863371605,1.06344396482778,-1.63847066444507,-0.028710667,0.09254608,0.042455133,-25.762497,-172.48517,77.80189,LYI
9873531648000,8.444878,9.87155312289277,1.05579117542145,-1.61262436144638,-0.01160644,0.13652839,0.054061573,-25.761106,-172.50455,77.81909,LYI
9873536690000,8.44992,9.82338731182045,1.06542433763591,-1.58854145591022,-0.01863139,0.1704314,0.05681047,-25.75648,-172.51958,77.84509,LYI
9873541647000,8.454877,9.77809926924256,1.07847593572524,-1.56354804486354,-0.0125227375,0.1826487,0.05681047,-25.752079,-172.53322,77.8713,LYI
9873546709000,8.459939,9.73845650833078,1.10325246725953,-1.53381615527957,-0.009468411,0.19608775,0.0580322,-25.744638,-172.54694,77.90515,LYI
9873551728000,8.464958,9.7028860336275,1.12848235245704,-1.51580071284719,-0.006414085,0.19547687,0.052534413,-25.740925,-172.56145,77.94517,LYI
9873556766000,8.469996,9.67599439238272,1.155373946902,-1.52476456206224,-0.009773844,0.1826487,0.05131268,-25.735886,-172.57674,77.98508,LYI
9873561770000,8.475,9.65467020895397,1.18044566573256,-1.53447507327695,-0.005497787,0.16707164,0.03970624,-25.729843,-172.5834,78.021126,LYI
9873566710000,8.47994,9.66263290860894,1.19637073246655,-1.54840952745519,-0.016798794,0.14721853,0.03940081,-25.717964,-172.59164,78.05398,LYI
9873571793000,8.485023,9.67082610746445,1.21275678797442,-1.56274734741227,-0.020463986,0.11728613,0.030848695,-25.71105,-172.59113,78.07402,LYI
9873576712000,8.489942,9.67875495758647,1.2286141570563,-1.57662256605655,-0.017715093,0.084910266,0.032986723,-25.702383,-172.59317,78.09024,LYI
9873582850000,8.49608,9.68864869250189,1.24840121365817,-1.59393626641,-0.023518313,0.0421497,0.028405234,-25.690327,-172.59607,78.09995,LYI
9873586692000,8.499922,9.69458881906284,1.24979526853446,-1.59551355482757,-0.025350908,0.017715093,0.02321288,-25.680223,-172.5995,78.10645,LYI
9873591722000,8.504952,9.70203827006547,1.23737934400227,-1.58558081520181,-0.022296581,-0.00030543262,0.028710667,-25.669886,-172.60448,78.105896,LYI
9873596705000,8.509935,9.70941811387185,1.22507943307902,-1.57574088646322,-0.019242255,-0.03359759,0.016798794,-25.670732,-172.59547,78.0883,LYI
9873601743000,8.514973,9.71687941290788,1.21264376154956,-1.56579234923965,-0.022602014,-0.060170226,0.015882496,-25.670208,-172.59116,78.07152,LYI
9873606692000,8.519922,9.7276006021991,1.19715543116042,-1.5586389327901,-0.017715093,-0.074830994,0.014660766,-25.673355,-172.58423,78.048416,LYI
9873611715000,8.524945,9.74176816453956,1.17826508503829,-1.55391634625957,-0.017104227,-0.096516706,0.020463986,-25.674295,-172.57901,78.01971,LYI
9873616706000,8.529936,9.74700443160947,1.16400097539874,-1.53177991913968,-0.004581489,-0.1133155,0.018020526,-25.682201,-172.57219,77.99075,LYI
9873621776000,8.535006,9.74231131222813,1.15461390347994,-1.48953826703722,-0.009468411,-0.12797627,0.03023783,-25.68486,-172.57065,77.96196,LYI
9873626698000,8.539928,9.73423698685437,1.15638468654671,-1.46166748479396,-0.0067195175,-0.12889257,0.027488936,-25.699333,-172.56602,77.93328,LYI
9873631707000,8.544937,9.72081972235689,1.17427404564609,-1.45272287529368,-0.008246681,-0.118507855,0.032070424,-25.71068,-172.5667,77.90819,LYI
9873636668000,8.549898,9.7084682769719,1.18692066609248,-1.4460979,-0.016493361,-0.10903945,0.02321288,-25.713062,-172.56049,77.88153,LYI
9873641724000,8.554954,9.698713054246,1.18448184767805,-1.4460979,-0.007941248,-0.082161374,0.018020526,-25.719679,-172.55756,77.86339,LYI
9873646637000,8.559867,9.68923374070716,1.18211200692052,-1.4460979,-0.0009162979,-0.057421334,0.017104227,-25.721708,-172.55046,77.846634,LYI
9873651700000,8.56493,9.67946501193714,1.17966981197744,-1.4460979,-0.0015271631,-0.03023783,0.014660766,-25.72423,-172.54189,77.83589,LYI
9873656698000,8.569928,9.67384198919946,1.17604684927456,-1.44229700516386,-0.004581489,-0.005497787,0.004276057,-25.73433,-172.53905,77.83998,LYI
9873661714000,8.574944,9.67829554058314,1.16936663845548,-1.42893660677699,-0.006414085,0.010079277,0.01038471,-25.743942,-172.54028,77.85042,LYI
9873666669000,8.579899,9.68269493195198,1.16276766624484,-1.41573868532425,-0.019547688,0.018020526,0.007330383,-25.750286,-172.53583,77.86069,LYI
9873671792000,8.585022,9.68724348532889,1.15594495491587,-1.40209328641357,-0.021380283,0.015271631,0.0033597588,-25.758883,-172.53336,77.87254,LYI
9873677049000,8.590279,9.692205284328,1.14940731472586,-1.39101842263464,-0.01863139,0.011911872,0.007330383,-25.760351,-172.52458,77.87679,LYI
9873681709000,8.594939,9.70303204027171,1.15373803971373,-1.44515222496361,-0.031154128,0.022907447,0.009773844,-25.756966,-172.51384,77.882645,LYI
9873686921000,8.600151,9.71514127889374,1.15858176045124,-1.50569844336245,-0.03940081,0.022296581,0.00580322,-25.753529,-172.50697,77.892136,LYI
9873691719000,8.604949,9.72628865550704,1.16304073437652,-1.56143534970888,-0.053145275,0.044898596,0.008857546,-25.744574,-172.50209,77.910645,LYI
9873696669000,8.609899,9.7377891795245,1.16764096800097,-1.61893799381368,-0.06169739,0.061391957,0.011911872,-25.734787,-172.49612,77.92663,LYI
9873701735000,8.614965,9.73575280444403,1.18381095976838,-1.65121782995951,-0.070554934,0.08674286,0.01038471,-25.720991,-172.4892,77.94894,LYI
9873706793000,8.620023,9.7311919847472,1.20205385757462,-1.6785822242915,-0.06658431,0.116675265,0.010079277,-25.708248,-172.48378,77.97612,LYI
9873711734000,8.624964,9.72671320054997,1.19338677976484,-1.68219526994121,-0.06536258,0.15454891,0.0143553335,-25.71271,-172.48189,78.001945,LYI
9873716642000,8.629872,9.72225616318983,1.17555900263607,-1.67773832565902,-0.057726767,0.15882497,0.009162978,-25.720083,-172.4778,78.02443,LYI
9873721758000,8.634988,9.69941234207366,1.15033058373699,-1.66090793121497,-0.05467244,0.14905111,0.007941248,-25.725433,-172.47322,78.04571,LYI
9873726714000,8.639944,9.66616170876701,1.12183016135909,-1.63715757096677,-0.04153884,0.1337795,0.009773844,-25.735527,-172.46898,78.065544,LYI
9873731704000,8.644934,9.64757793614291,1.09630148274773,-1.61637060619818,-0.02687807,0.09682214,0.003970624,-25.747416,-172.46465,78.077484,LYI
9873736687000,8.649917,9.63815833497829,1.07275174212396,-1.59753081369917,-0.022907447,0.07391469,-0.0015271631,-25.759584,-172.46109,78.08894,LYI
9873741717000,8.654947,9.63720625167751,1.06596379031692,-1.58093532904924,-0.014049901,0.021380283,-0.0036651916,-25.778692,-172.45984,78.08911,LYI
9873746706000,8.659936,9.6421385994632,1.07089603509859,-1.56613859470424,-0.003970624,-0.0143553335,-0.007330383,-25.799122,-172.457,78.08642,LYI
9873751715000,8.664945,9.65909264034918,1.06650334386033,-1.5549204757032,-0.00030543262,-0.06658431,-0.017104227,-25.826033,-172.4504,78.069824,LYI
9873756732000,8.669962,9.6823937099903,1.05718291600388,-1.54560009650824,-0.015882496,-0.094989546,-0.011911872,-25.84964,-172.44691,78.05295,LYI
9873761711000,8.674941,9.71074427209325,1.05616529175504,-1.5337164680042,-0.021685716,-0.12797627,-0.015577064,-25.870728,-172.4404,78.02186,LYI
9873766710000,8.67994,9.74276089223273,1.06073913556893,-1.51999484104328,-0.03145956,-0.14385876,-0.013439035,-25.885878,-172.43645,77.99111,LYI
9873771770000,8.685,9.77656449865229,1.06811085498652,-1.52076333557951,-0.042455133,-0.14874569,-0.012217305,-25.898302,-172.43237,77.95782,LYI
9873776716000,8.689946,9.81093832697491,1.07793189019283,-1.53549499093925,-0.043066,-0.1441642,-0.009468411,-25.910908,-172.4297,77.924835,LYI
9873782942000,8.696172,9.83339646469447,1.08597555127061,-1.53806956944714,-0.054367006,-0.13927728,0.004581489,-25.91469,-172.42923,77.89632,LYI
9873786691000,8.699921,9.84036102308438,1.08945793955383,-1.53458710843841,-0.056199603,-0.12339478,0.0033597588,-25.921505,-172.42592,77.86998,LYI
9873791721000,8.704951,9.84739853321365,1.09419748222621,-1.55426236552962,-0.058643065,-0.094989546,0.013439035,-25.925127,-172.42905,77.85172,LYI
9873796709000,8.709939,9.85216315280271,1.09896200231398,-1.59714309607022,-0.046731193,-0.05681047,0.010079277,-25.932886,-172.42873,77.83727,LYI
9873801687000,8.714917,9.84347157275083,1.1079702563495,-1.61626781455017,-0.048563786,-0.015577064,0.018020526,-25.929506,-172.43459,77.83334,LYI
9873806720000,8.71995,9.82116500370233,1.1213541977786,-1.61180650074047,-0.043066,0.02107485,0.016187929,-25.932085,-172.43758,77.83479,LYI
9873811662000,8.724892,9.79926175231396,1.13449614861163,-1.60742585046279,-0.039095376,0.05100725,0.018325957,-25.934011,-172.4445,77.83891,LYI
9873816711000,8.729941,9.77688427027027,1.14792263783784,-1.60295035405405,-0.03940081,0.079107046,0.016798794,-25.936419,-172.44977,77.84967,LYI
9873821733000,8.734963,9.7544184102265,1.16227168089822,-1.5975876640906,-0.03023783,0.11301007,0.018020526,-25.942411,-172.45683,77.86892,LYI
9873826717000,8.739947,9.73121885194906,1.18083137596967,-1.58830784077962,-0.03176499,0.13041973,0.017104227,-25.945215,-172.46214,77.889534,LYI
9873831715000,8.744945,9.7073922858936,1.19593766601332,-1.58540765901323,-0.027183503,0.1414153,0.018020526,-25.949776,-172.46463,77.91448,LYI
9873836688000,8.749918,9.67980190711596,1.186740905098,-1.62679313114802,-0.028710667,0.13744467,0.019547688,-25.951902,-172.46658,77.9391,LYI
9873841830000,8.75506,9.650204631346,1.1769823860453,-1.6644345754491,-0.03268129,0.14446963,0.013439035,-25.952564,-172.46384,77.96603,LYI
9873846711000,8.759941,9.6096384933611,1.16481250229107,-1.6400948502994,-0.019242255,0.13988814,0.013744468,-25.95726,-172.46405,77.990105,LYI
9873851705000,8.764935,9.56813320897336,1.15236087363534,-1.61519163632735,-0.028405234,0.12492194,0.015271631,-25.966074,-172.45801,78.00417,LYI
9873856834000,8.770064,9.5682706442937,1.15452562214685,-1.60713389877705,-0.01740966,0.103847094,0.012217305,-25.984165,-172.45253,78.01455,LYI
9873861693000,8.774923,9.58160857956337,1.16119458978168,-1.60491091730282,-0.019242255,0.08368854,0.008857546,-25.995602,-172.44658,78.02161,LYI
9873866706000,8.779936,9.59536924420771,1.16807492210386,-1.60261748117804,-0.017104227,0.046120327,0.0036651916,-26.011524,-172.44011,78.022606,LYI
9873871756000,8.784986,9.60923147370181,1.17500603685091,-1.60030711763722,-0.008246681,0.008246681,0.002443461,-26.028494,-172.43428,78.01898,LYI
9873876713000,8.789943,9.63511240262907,1.18080419761476,-1.59361290477049,-0.010995574,-0.03390302,0.0061086523,-26.042515,-172.42825,78.00614,LYI
9873881705000,8.794935,9.67058931304993,1.18587229743454,-1.58347670513092,-0.021380283,-0.0729984,-0.00030543262,-26.056982,-172.41943,77.98388,LYI
9873886687000,8.799917,9.71715571149847,1.18115980090126,-1.57380880090126,-0.023518313,-0.093767814,0.004276057,-26.06482,-172.40987,77.952835,LYI
9873891713000,8.804943,9.76959346231554,1.17162568248985,-1.56427468248985,-0.018936822,-0.10629055,0.0030543262,-26.072083,-172.39728,77.91393,LYI
9873896714000,8.809944,9.80936991865316,1.16212100610846,-1.57039369189511,-0.030848695,-0.112399206,0.009468411,-26.072018,-172.3873,77.876945,LYI
9873901759000,8.814989,9.84296166130314,1.15252322934048,-1.58479028188319,-0.04184427,-0.11484267,0.013744468,-26.073797,-172.37717,77.83864,LYI
9873906719000,8.819949,9.83965553450022,1.15368035518588,-1.59718913274989,-0.028710667,-0.10995574,0.01863139,-26.077862,-172.37144,77.80595,LYI
9873911719000,8.824949,9.81656666811322,1.16060703921115,-1.60873356594339,-0.035430185,-0.08155051,0.02565634,-26.073225,-172.36641,77.78022,LYI
9873916701000,8.829931,9.79356092164521,1.16750878717392,-1.6202364391774,-0.0421497,-0.05955936,0.03145956,-26.06493,-172.36432,77.74943,LYI
9873921727000,8.834957,9.770351993153,1.17447148995612,-1.6318409034235,-0.036957346,-0.030848695,0.0290161,-26.058514,-172.36226,77.72721,LYI
9873926713000,8.839943,9.74050456062356,1.17566460816012,-1.63306851632025,-0.046731193,-0.0012217305,0.030543262,-26.045965,-172.36197,77.712616,LYI
9873931704000,8.844934,9.70370890300231,1.1710651269438,-1.62386955388761,-0.03359759,0.025045475,0.03634648,-26.041634,-172.36359,77.70456,LYI
9873936690000,8.84992,9.67153057056799,1.1577490483864,-1.60361029879518,-0.032375857,0.06352998,0.036957346,-26.034071,-172.36174,77.70106,LYI
9873941723000,8.854953,9.64560542297763,1.13182384665448,-1.56731509216867,-0.02687807,0.09468412,0.036651913,-26.031443,-172.36215,77.702896,LYI
9873946711000,8.859941,9.61914154236328,1.11796533250213,-1.53631626868801,-0.016187929,0.12675454,0.034208454,-26.032598,-172.36299,77.71547,LYI
9873951682000,8.864912,9.59216141286483,1.11346865990366,-1.50933618614338,-0.0143553335,0.14110987,0.033292156,-26.03266,-172.36398,77.73091,LYI
9873956717000,8.869947,9.58306844833037,1.10464806449318,-1.48980744299546,-0.020463986,0.14446963,0.029626964,-26.03116,-172.3651,77.75372,LYI
9873961719000,8.874949,9.59726598439044,1.09045033076467,-1.48034228717645,-0.03145956,0.12675454,0.03176499,-26.028425,-172.36732,77.775116,LYI
9873966711000,8.879941,9.62085179303545,1.08792223989226,-1.48057123989226,-0.03176499,0.10140363,0.032375857,-26.024132,-172.36758,77.79646,LYI
9873971763000,8.884993,9.65808487023231,1.10188462561685,-1.49453362561685,-0.0421497,0.077579886,0.02565634,-26.01388,-172.36526,77.81258,LYI
9873976707000,8.889937,9.69452199090953,1.11554852803617,-1.50819752803617,-0.05467244,0.055588737,0.018020526,-26.002405,-172.36421,77.82502,LYI
9873982870000,8.8961,9.73994310230388,1.13258142257708,-1.52523042257708,-0.058643065,0.021685716,0.02076942,-25.990345,-172.36406,77.82986,LYI
9873986689000,8.899919,9.76395703963578,1.14742661365828,-1.54656444708088,-0.061391957,0.0076358155,0.0070249503,-25.975885,-172.35661,77.82979,LYI
9873991726000,8.904956,9.78462681564006,1.17843149349759,-1.6034066818211,-0.055588737,-0.0030543262,0.005497787,-25.962524,-172.35365,77.82578,LYI
9873996675000,8.909905,9.80035791442893,1.20531301457214,-1.64420360880773,-0.055283304,-0.005497787,0.008246681,-25.953564,-172.34958,77.822914,LYI
9874001688000,8.914918,9.80895252613677,1.22679909513068,-1.66139251812567,-0.04428773,-0.0036651916,0.0018325958,-25.949728,-172.34344,77.81695,LYI
9874006703000,8.919933,9.81065313505654,1.24418863833064,-1.67912624667744,-0.03359759,0.0143553335,-0.0018325958,-25.95028,-172.33754,77.808685,LYI
9874011713000,8.924943,9.77448077318255,1.23902118889607,-1.69979604441572,-0.036651913,0.027183503,-0.007330383,-25.95032,-172.32942,77.7986,LYI
9874016689000,8.929919,9.72976605792683,1.23402074492526,-1.70731162462628,-0.042760566,0.040317107,-0.009162978,-25.946104,-172.33067,77.79691,LYI
9874021782000,8.935012,9.66260988414634,1.229223868214,-1.68332724107002,-0.047036625,0.053450707,-0.010079277,-25.941746,-172.33057,77.79735,LYI
9874026699000,8.939929,9.60311105299276,1.22463100529928,-1.66156320866374,-0.045814894,0.059864793,-0.015882496,-25.94013,-172.3351,77.800964,LYI
9874031705000,8.944935,9.55741770491803,1.2200616704918,-1.64328582172131,-0.06078109,0.058643065,-0.019242255,-25.932674,-172.33887,77.80591,LYI
9874036700000,8.94993,9.51367061851433,1.21220061979862,-1.62238166771807,-0.057421334,0.055588737,-0.018020526,-25.934677,-172.34453,77.81803,LYI
9874041694000,8.954924,9.47927394965581,1.18763135071407,-1.58798469099969,-0.059864793,0.03634648,-0.016493361,-25.930809,-172.34819,77.82538,LYI
9874046729000,8.959959,9.45796369829859,1.16785642724659,-1.55587882077642,-0.07147124,0.018020526,-0.028710667,-25.924192,-172.34732,77.83075,LYI
9874051704000,8.964934,9.4830816661874,1.16557293443566,-1.53304410726096,-0.06352998,-0.016493361,-0.027183503,-25.92204,-172.35144,77.83079,LYI
9874056777000,8.970007,9.50869442017733,1.16324446025881,-1.50975958431344,-0.04642576,-0.04337143,-0.02687807,-25.912231,-172.35211,77.826126,LYI
9874061719000,8.974949,9.53364577641984,1.16097611423436,-1.4870763372394,-0.047036625,-0.07513642,-0.024740042,-25.899805,-172.35323,77.81356,LYI
9874066854000,8.980084,9.56123199865892,1.15944432919088,-1.46460067760393,-0.025045475,-0.10140363,-0.03176499,-25.899212,-172.3537,77.79501,LYI
9874071702000,8.984932,9.6068924868127,1.16774626371033,-1.45629882977202,-0.0143553335,-0.109650314,-0.029626964,-25.895218,-172.35677,77.77601,LYI
9874076650000,8.98988,9.65349481671882,1.17621944275369,-1.44782573920429,-0.014966198,-0.1160644,-0.026572637,-25.899677,-172.3558,77.761696,LYI
9874081712000,8.994942,9.71310897080292,1.15289181459854,-1.44995256684046,-0.01282817,-0.121256754,-0.018020526,-25.907772,-172.35774,77.74761,LYI
9874086669000,8.999899,9.77439692596455,1.12224783701773,-1.45466699652912,-0.014049901,-0.11056661,-0.0125227375,-25.914759,-172.35959,77.73609,LYI
9874091721000,9.004951,9.8368594535975,1.09101657320125,-1.45947177740206,-0.015577064,-0.084910266,0.00061086525,-25.919277,-172.36256,77.72918,LYI
9874096645000,9.009875,9.89773939937435,1.06057660031283,-1.4641548219425,-0.026572637,-0.0580322,0.009468411,-25.920753,-172.36543,77.72551,LYI
9874101701000,9.014931,9.9374001230702,1.04981949129042,-1.43984620113603,-0.040011674,-0.029626964,0.014966198,-25.920832,-172.37079,77.72977,LYI
9874106701000,9.019931,9.96994575856879,1.04517010785513,-1.40730046854064,-0.042760566,-0.0018325958,0.027794369,-25.920366,-172.38052,77.74267,LYI
9874111714000,9.024944,10.0035248876263,1.06486550642424,-1.40871052628283,-0.049785517,0.018020526,0.025350908,-25.918428,-172.39539,77.76324,LYI
9874116643000,9.029873,10.0369014368687,1.09347401987879,-1.42301488258586,-0.05375614,0.05222898,0.033292156,-25.915876,-172.41615,77.79655,LYI
9874121765000,9.034995,10.0567895290623,1.11205229175166,-1.45552957402713,-0.048563786,0.07727446,0.035430185,-25.910004,-172.43388,77.83458,LYI
9874126695000,9.039925,10.0708148152292,1.12607752910189,-1.49293015814437,-0.05222898,0.10048734,0.04795292,-25.899897,-172.45544,77.88182,LYI
9874131711000,9.044941,10.0648435680184,1.11678733689963,-1.51019653155019,-0.04642576,0.11178834,0.05222898,-25.893663,-172.47264,77.92729,LYI
9874136700000,9.04993,10.0511021755824,1.09846554408973,-1.51935742795513,-0.04337143,0.12370021,0.054367006,-25.885197,-172.49167,77.97834,LYI
9874141710000,9.05494,10.0302544171423,1.11073469942928,-1.55118028217288,-0.052534413,0.14263703,0.05681047,-25.87819,-172.51056,78.028145,LYI
9874146696000,9.059926,10.0054801488015,1.14046382143821,-1.59577401692435,-0.057421334,0.16065755,0.058948494,-25.873037,-172.52956,78.079155,LYI
9874151696000,9.064926,9.96881253299884,1.15900801246623,-1.63501334311077,-0.04917465,0.17592919,0.06658431,-25.87609,-172.54012,78.123314,LYI
9874156763000,9.069993,9.92667341711694,1.17305446591085,-1.67247047081243,-0.044593163,0.19150625,0.06536258,-25.876606,-172.54799,78.16887,LYI
9874161708000,9.074938,9.88292175513127,1.18085462448687,-1.71459127522673,-0.03604105,0.20708331,0.0711658,-25.883612,-172.55782,78.21226,LYI
9874166721000,9.079951,9.83709025307876,1.18543777469212,-1.76042282513604,-0.03176499,0.20738874,0.06688975,-25.890635,-172.56413,78.25225,LYI
9874171678000,9.084908,9.76559344907937,1.18485917333819,-1.77862114551129,-0.014660766,0.204029,0.06688975,-25.907263,-172.5729,78.289345,LYI
9874176713000,9.089943,9.67028880276709,1.17984313380838,-1.77360505360449,-0.004886922,0.1740966,0.06963864,-25.922594,-172.58086,78.31911,LYI
9874182867000,9.096097,9.57275228791607,1.17970488653024,-1.70667848002849,0.011301007,0.14446963,0.059253927,-25.95328,-172.58018,78.333435,LYI
9874186701000,9.099931,9.51727093291025,1.18129006337262,-1.64802692030825,0.018325957,0.09590584,0.053145275,-25.983381,-172.58151,78.33764,LYI
9874192050000,9.10528,9.43986619427535,1.18350162073566,-1.56619927478306,0.027794369,0.03023783,0.04520403,-26.019331,-172.5798,78.327515,LYI
9874196712000,9.109942,9.37240295039503,1.18542913623883,-1.49488118103873,0.024740042,-0.018020526,0.031154128,-26.053545,-172.57465,78.30836,LYI
9874202046000,9.115276,9.30126990479817,1.18703723678599,-1.41639376848819,0.021685716,-0.07666359,0.02321288,-26.090105,-172.56975,78.27261,LYI
9874206718000,9.119948,9.33960663594821,1.17851804226961,-1.39935529049886,0.010995574,-0.13622294,0.004581489,-26.123974,-172.5579,78.22243,LYI
9874211680000,9.12491,9.38032300152323,1.16947004501142,-1.38125920150419,-0.00061086525,-0.18875736,-0.014966198,-26.140354,-172.53386,78.1742,LYI
9874216709000,9.129939,9.44506518520136,1.16125213683203,-1.39329681147012,-0.016187929,-0.22327125,-0.022296581,-26.152666,-172.50827,78.11715,LYI
9874221696000,9.134926,9.51243834417089,1.15323151389514,-1.40933804059383,-0.038789943,-0.23793201,-0.027794369,-26.160215,-172.47798,78.0516,LYI
9874226716000,9.139946,9.58025732512679,1.1451578168542,-1.4254854178148,-0.048258353,-0.2489276,-0.025045475,-26.165,-172.45,77.98517,LYI
9874231642000,9.144872,9.64680638890941,1.1372353005945,-1.441330433789,-0.06994407,-0.24709499,-0.028099801,-26.160456,-172.41838,77.918495,LYI
9874236699000,9.149929,9.71512523088033,1.12910209622477,-1.45759682554328,-0.07574729,-0.22235495,-0.040927973,-26.158283,-172.38617,77.85544,LYI
9874241672000,9.154902,9.78230925324959,1.12110398957445,-1.47359302214087,-0.08582657,-0.19242255,-0.03359759,-26.148623,-172.35867,77.79921,LYI
9874246708000,9.159938,9.77653296160851,1.1270648230349,-1.50772033807157,-0.07819075,-0.13561209,-0.03268129,-26.137882,-172.33499,77.75762,LYI
9874251687000,9.164917,9.76479823522174,1.13410565886696,-1.54292454173845,-0.07391469,-0.07147124,-0.025350908,-26.123362,-172.31532,77.72839,LYI
9874256762000,9.169992,9.75283725180883,1.1412822489147,-1.57880751695624,-0.064751714,0.0012217305,-0.025961773,-26.117638,-172.30151,77.71469,LYI
9874261727000,9.174957,9.74113552123837,1.14830328725698,-1.61391273310528,-0.06078109,0.058948494,-0.019242255,-26.11136,-172.29219,77.71511,LYI
9874266706000,9.179936,9.71944176025666,1.137114056154,-1.58620635853587,-0.040011674,0.129198,-0.019242255,-26.110512,-172.28041,77.729965,LYI
9874271696000,9.184926,9.69621201497181,1.12317620898308,-1.54903881459265,-0.048258353,0.17531833,-0.026267206,-26.102402,-172.26764,77.751816,LYI
9874276718000,9.189948,9.68397377945137,1.13211898789027,-1.51084568464838,-0.028405234,0.2125811,-0.027183503,-26.11162,-172.26326,77.779945,LYI
9874281688000,9.194918,9.67447798094763,1.14636238818953,-1.47286318469825,-0.040317107,0.2180789,-0.029321533,-26.109303,-172.25482,77.8088,LYI
9874286716000,9.199946,9.67633383033194,1.16049309475324,-1.45397514449528,-0.051923547,0.2144137,-0.024740042,-26.114529,-172.24962,77.85148,LYI
9874291656000,9.204886,9.68093914328823,1.17430879318602,-1.44015949414971,-0.06291912,0.19639318,-0.029626964,-26.116291,-172.24075,77.88861,LYI
9874296711000,9.209941,9.70983065999423,1.19870640337792,-1.45036040225195,-0.06291912,0.183565,-0.036651913,-26.114073,-172.23135,77.93108,LYI
9874301714000,9.214944,9.74671833606005,1.2263723048696,-1.46880433657973,-0.07727446,0.15485434,-0.038179077,-26.104202,-172.22112,77.96489,LYI
9874306793000,9.220023,9.79546470816058,1.25208926447568,-1.51819935304884,-0.09101892,0.1282817,-0.03634648,-26.087927,-172.21216,77.997635,LYI
9874311721000,9.224951,9.84796143786025,1.27595131920316,-1.58024087473961,-0.089186326,0.106595986,-0.034513887,-26.07189,-172.203,78.02396,LYI
9874316708000,9.229938,9.88084532984293,1.27157798658377,-1.61104074836387,-0.079107046,0.09162979,-0.025961773,-26.054216,-172.19383,78.04427,LYI
9874321768000,9.234998,9.90524052114378,1.2545013781464,-1.62811740774768,-0.06780604,0.065973446,-0.019242255,-26.03745,-172.18504,78.05712,LYI
9874326709000,9.239939,9.92906199154249,1.23782637374144,-1.64479246190093,-0.053145275,0.057421334,-0.010079277,-26.029797,-172.17987,78.06565,LYI
9874331728000,9.244958,9.95325951429722,1.22088813307994,-1.66173075309605,-0.035430185,0.038789943,-0.0033597588,-26.02616,-172.1767,78.06719,LYI
9874336696000,9.249926,9.95332041061054,1.17362452500238,-1.6598059133346,-0.02443461,0.014049901,0.0015271631,-26.027239,-172.1709,78.062996,LYI
9874341723000,9.254953,9.94414933165063,1.11401370878179,-1.65063497801695,-0.006414085,0.00030543262,0.021685716,-26.034735,-172.17262,78.06142,LYI
9874346710000,9.25994,9.92593071825949,1.07992057460759,-1.62058099286708,0.008552114,-0.03848451,0.03268129,-26.045946,-172.18188,78.04861,LYI
9874351735000,9.264965,9.90202677428969,1.06079741943175,-1.57755389372144,0.024740042,-0.070554934,0.035430185,-26.062302,-172.1951,78.03658,LYI
9874356812000,9.270042,9.87808798227402,1.0475475620997,-1.52856283019293,0.036651913,-0.10262536,0.051618114,-26.083662,-172.22221,78.02501,LYI
9874361719000,9.274949,9.85507683860543,1.03834305657624,-1.47793826606601,0.044593163,-0.12797627,0.05375614,-26.108774,-172.24614,78.00595,LYI
9874366710000,9.27994,9.83468110463024,1.03172611274501,-1.44539867780513,0.04886922,-0.14905111,0.06078109,-26.12787,-172.27538,77.98666,LYI
9874371711000,9.284941,9.81654141075656,1.02719116559985,-1.42725893657798,0.03604105,-0.16279559,0.06505715,-26.1445,-172.30334,77.963585,LYI
9874376710000,9.28994,9.79466951069102,1.03470202719097,-1.41137725534551,0.035124753,-0.16737708,0.06291912,-26.153252,-172.33421,77.94346,LYI
9874382884000,9.296114,9.76211337469028,1.06183210275305,-1.39509918734514,0.018936822,-0.1469131,0.055588737,-26.154423,-172.36263,77.92598,LYI
9874386686000,9.299916,9.74082926922248,1.06981578427741,-1.38585038427741,0.0012217305,-0.12980886,0.050396383,-26.160883,-172.38536,77.9084,LYI
9874391725000,9.304955,9.70964889661857,1.05942218203748,-1.37545678203748,-0.010079277,-0.10354166,0.05497787,-26.164732,-172.40779,77.898224,LYI
9874396694000,9.309924,9.68972363424242,1.06548074327273,-1.36747807612121,-0.021991149,-0.06566802,0.05589417,-26.161102,-172.42282,77.89282,LYI
9874401736000,9.314966,9.68484613585859,1.09474512242424,-1.36260067959596,-0.036957346,-0.032070424,0.06169739,-26.153385,-172.4394,77.89424,LYI
9874406744000,9.319974,9.68318522839117,1.12020847211356,-1.36197300283912,-0.040317107,0.0061086523,0.051618114,-26.143236,-172.45793,77.90781,LYI
9874411713000,9.324943,9.68549477039553,1.14099394018927,-1.36659196627032,-0.033292156,0.03573562,0.05100725,-26.131626,-172.4798,77.92925,LYI
9874416652000,9.329882,9.68779036869692,1.16165391741325,-1.37118304302354,-0.03145956,0.065973446,0.046731193,-26.115938,-172.49313,77.95528,LYI
9874421745000,9.334975,9.69015754467362,1.18295808100946,-1.37591727139044,-0.02687807,0.08246681,0.04153884,-26.103184,-172.50595,77.98381,LYI
9874426645000,9.339875,9.688957526767,1.18047239339874,-1.35827448483521,-0.029626964,0.0983493,0.032070424,-26.088467,-172.51993,78.0205,LYI
9874431706000,9.344936,9.67972353991236,1.12506958108211,-1.2890210297009,-0.028405234,0.10873401,0.03604105,-26.075935,-172.53601,78.060005,LYI
9874436667000,9.349897,9.66845175944272,1.08836409312693,-1.24674708149639,-0.02687807,0.12217305,0.027794369,-26.061815,-172.54062,78.095634,LYI
9874441756000,9.354986,9.64833366625387,1.1185413904644,-1.30207217913313,-0.030543262,0.13133603,0.026572637,-26.046202,-172.54776,78.133484,LYI
9874446644000,9.359874,9.63257508390098,1.13921676876558,-1.34837116221964,-0.05222898,0.13775012,0.021685716,-26.021765,-172.55788,78.18422,LYI
9874451734000,9.364964,9.6260961794318,1.13759703419173,-1.37752638454893,-0.048258353,0.13225232,0.019547688,-26.003458,-172.56885,78.23305,LYI
9874456785000,9.370015,9.61966691686327,1.13598971015783,-1.406458217159,-0.05497787,0.13225232,0.01282817,-25.97591,-172.57492,78.2727,LYI
9874461805000,9.375035,9.6132771132414,1.13439225091211,-1.43521248358199,-0.064751714,0.13316862,0.014049901,-25.948536,-172.58223,78.31123,LYI
9874466672000,9.379902,9.60708205861439,1.1328434791693,-1.46309037495265,-0.074830994,0.12186762,0.015271631,-25.919443,-172.58694,78.344795,LYI
9874471736000,9.384966,9.60063624874564,1.13123201828875,-1.49209667080246,-0.06811147,0.11056661,0.017715093,-25.892433,-172.59232,78.37798,LYI
9874476712000,9.389942,9.59832720451313,1.13124633931924,-1.51195226068076,-0.048563786,0.09743301,0.015577064,-25.870747,-172.59279,78.40526,LYI
9874481703000,9.394933,9.60739069394141,1.13577822599791,-1.50742037400209,-0.037873644,0.07360926,0.009468411,-25.848625,-172.59253,78.42665,LYI
9874486712000,9.399942,9.61888826757026,1.14032622916449,-1.50081368692479,-0.018020526,0.04520403,0.003970624,-25.84567,-172.596,78.43388,LYI
9874491725000,9.404955,9.64391525610161,1.14487658207668,-1.48261229903322,-0.008857546,0.0012217305,-0.0070249503,-25.84307,-172.59604,78.43011,LYI
9874496721000,9.409951,9.6688573735368,1.14941150390977,-1.46447263537747,-0.005497787,-0.03573562,-0.0076358155,-25.843401,-172.59744,78.42301,LYI
9874501741000,9.414971,9.6939193089901,1.1539682107957,-1.44624583162409,0.0015271631,-0.07238753,-0.0143553335,-25.847908,-172.59467,78.403496,LYI
9874507482000,9.420712,9.72397311886032,1.16035543830583,-1.42460154457982,-0.012217305,-0.10842858,-0.014049901,-25.84883,-172.59914,78.384674,LYI
9874511711000,9.424941,9.75894066864927,1.17589664817728,-1.40128975005756,-0.023823744,-0.15424347,-0.015271631,-25.852716,-172.60168,78.35468,LYI
9874516645000,9.429875,9.79973752148887,1.19402867217959,-1.37409173772064,-0.04337143,-0.18753563,-0.022907447,-25.848883,-172.59468,78.3209,LYI
9874521721000,9.434951,9.81475185155626,1.20115174118117,-1.38163588124501,-0.05100725,-0.20799962,-0.01863139,-25.845175,-172.59099,78.28289,LYI
9874526693000,9.439923,9.82425241899441,1.20590192569832,-1.39588638519553,-0.062002823,-0.20525073,-0.016798794,-25.835644,-172.58379,78.24219,LYI
9874531704000,9.444934,9.83395062145462,1.1944573850081,-1.45116844083266,-0.07422013,-0.19425514,-0.013439035,-25.818846,-172.57544,78.204445,LYI
9874536666000,9.449896,9.84357756493112,1.18001651742301,-1.51374558396475,-0.074830994,-0.17440203,-0.0070249503,-25.80264,-172.56883,78.17147,LYI
9874541695000,9.454925,9.81267407714077,1.16584111965357,-1.51262373393511,-0.0720821,-0.13530666,-0.0021380284,-25.789125,-172.56796,78.15244,LYI
9874546645000,9.459875,9.77566609470603,1.15196302963162,-1.50105867904367,-0.06841691,-0.09101892,0.0027488936,-25.775959,-172.56897,78.14091,LYI
9874551692000,9.464922,9.73793290534277,1.13781298511832,-1.48926699580385,-0.0571159,-0.039095376,0.009468411,-25.773058,-172.5751,78.13413,LYI
9874556671000,9.469901,9.70070810846548,1.12385358911442,-1.47763418604538,-0.06078109,0.005497787,0.014049901,-25.767057,-172.58136,78.136345,LYI
9874561713000,9.474943,9.66753308212742,1.13085601721481,-1.46791512185679,-0.051923547,0.04428773,0.0106901415,-25.767954,-172.5881,78.148476,LYI
9874566656000,9.479886,9.6363952476978,1.14420072377373,-1.45901865081752,-0.037873644,0.07452556,0.013133603,-25.768972,-172.59753,78.17003,LYI
9874571763000,9.484993,9.60788660207388,1.14585592041478,-1.43214844290343,-0.03604105,0.09896017,0.0061086523,-25.771448,-172.60439,78.19905,LYI
9874576714000,9.489944,9.58227916158998,1.140734432318,-1.39629802622597,-0.035430185,0.113926366,0.0036651916,-25.777086,-172.61343,78.232925,LYI
9874582854000,9.496084,9.60022596718314,1.15369142921759,-1.37458561969012,-0.044593163,0.11453723,-0.009162978,-25.782276,-172.61253,78.26406,LYI
9874586720000,9.49995,9.61804134048696,1.16438069040516,-1.36389639570782,-0.055588737,0.11026118,-0.022907447,-25.786781,-172.61047,78.29561,LYI
9874591719000,9.504949,9.64562229645565,1.17883611180086,-1.37734924990781,-0.06536258,0.09743301,-0.022602014,-25.785126,-172.60764,78.32779,LYI
9874596721000,9.509951,9.67506502560951,1.19355742513829,-1.40188472089736,-0.07666359,0.08857546,-0.025961773,-25.780035,-172.59941,78.35572,LYI
9874601715000,9.514945,9.71720373539353,1.20761642061806,-1.42181126735876,-0.094989546,0.07880162,-0.03481932,-25.768345,-172.58342,78.37697,LYI
9874606832000,9.520062,9.76452820241429,1.22181376072429,-1.44074115299855,-0.10995574,0.050396383,-0.017104227,-25.753567,-172.57399,78.39576,LYI
9874611801000,9.525031,9.81275468679564,1.20683059782119,-1.47459892020098,-0.11911872,0.03970624,-0.019547688,-25.737581,-172.55559,78.40787,LYI
9874616702000,9.529932,9.8612422755447,1.18038287235162,-1.51427046237791,-0.11636983,0.04428773,-0.0061086523,-25.719868,-172.54688,78.42301,LYI
9874621714000,9.534944,9.90278068254963,1.15721855247649,-1.55738084553814,-0.10629055,0.04184427,0.005192355,-25.70278,-172.53654,78.43163,LYI
9874626716000,9.539946,9.93781924827586,1.13719628344828,-1.60243088551724,-0.103847094,0.044898596,0.0106901415,-25.684204,-172.52837,78.443634,LYI
9874631707000,9.544937,9.93831729072828,1.11807842815638,-1.64244987497319,-0.09040806,0.059253927,0.02107485,-25.67317,-172.52849,78.453476,LYI
9874636692000,9.549922,9.91969972272594,1.09946076295213,-1.67968525398265,-0.05497787,0.062308256,0.03390302,-25.669048,-172.5319,78.462875,LYI
9874641714000,9.554944,9.89152596254256,1.0946801307605,-1.6863224077185,-0.03970624,0.06658431,0.043676864,-25.668776,-172.54091,78.47399,LYI
9874646709000,9.559939,9.85697278846352,1.09961626903312,-1.67151399290063,-0.016798794,0.05131268,0.048563786,-25.680485,-172.55371,78.4826,LYI
9874651713000,9.564943,9.81466323005422,1.09527404601084,-1.6451587294055,-0.004886922,0.047036625,0.044898596,-25.699131,-172.56982,78.4908,LYI
9874656724000,9.569954,9.76819794655306,1.08598098931061,-1.6126329824361,-0.0027488936,0.03573562,0.044898596,-25.721052,-172.58842,78.49534,LYI
9874661713000,9.574943,9.73308573500524,1.0929148594641,-1.57248752331458,0.009468411,0.021380283,0.04917465,-25.747337,-172.60634,78.498505,LYI
9874666709000,9.579939,9.70571182826357,1.11116438470487,-1.52686366257271,-0.0033597588,-0.010079277,0.04734206,-25.76699,-172.62112,78.494064,LYI
9874671709000,9.584939,9.69412275553967,1.13245620259369,-1.49158882240376,-0.01038471,-0.038789943,0.037873644,-25.79033,-172.63625,78.491394,LYI
9874676717000,9.589947,9.69901978484632,1.15694344580823,-1.46710163032779,-0.029321533,-0.059253927,0.03970624,-25.806198,-172.65257,78.48527,LYI
9874681707000,9.594937,9.70373218580436,1.18050617558273,-1.46781027558273,-0.04062254,-0.086132,0.038179077,-25.816038,-172.66101,78.472626,LYI
9874686693000,9.599923,9.70829379470768,1.2033137437906,-1.4906178437906,-0.038789943,-0.07941248,0.03268129,-25.824348,-172.66841,78.46276,LYI
9874691718000,9.604948,9.7130254052181,1.22268458136975,-1.52927894785976,-0.04337143,-0.08277224,0.025045475,-25.825655,-172.66856,78.44531,LYI
9874696710000,9.60994,9.71789784549531,1.23730159694252,-1.58774706102731,-0.053450707,-0.07666359,0.03023783,-25.825813,-172.67068,78.43325,LYI
9874701705000,9.614935,9.70824399744475,1.24294907332676,-1.62051612667324,-0.045814894,-0.044593163,0.028099801,-25.831623,-172.66727,78.42033,LYI
9874706720000,9.61995,9.68240754117542,1.23864301226969,-1.62482218773031,-0.031154128,0.00030543262,0.026267206,-25.836538,-172.66542,78.413155,LYI
9874711689000,9.624919,9.65680806935043,1.23437644848254,-1.62908875151746,-0.015271631,0.043066,0.023823744,-25.850622,-172.65916,78.40174,LYI
9874716708000,9.629938,9.63095100573811,1.23006695288026,-1.63339824711974,-0.011911872,0.08460484,0.023518313,-25.865147,-172.65338,78.400345,LYI
9874721954000,9.635184,9.60279927198831,1.22473620879532,-1.63544371759065,-0.0021380284,0.10323623,0.022907447,-25.885794,-172.6481,78.40283,LYI
9874726718000,9.639948,9.5611298271075,1.208068430843,-1.602108161686,-0.005192355,0.118202426,0.019547688,-25.903416,-172.64175,78.41282,LYI
9874731639000,9.644869,9.51808714485341,1.19085135794136,-1.56767401588273,0.002443461,0.11362094,0.020463986,-25.92865,-172.63841,78.42095,LYI
9874736689000,9.649919,9.49002485796198,1.1835752715924,-1.52942883150588,0.002443461,0.092240654,0.0067195175,-25.95083,-172.62971,78.424934,LYI
9874741653000,9.654883,9.46611416728699,1.1787931334574,-1.4911716764913,-0.006414085,0.058643065,0.005497787,-25.9718,-172.62497,78.427246,LYI
9874746709000,9.659939,9.4803508807458,1.17425412385084,-1.4659391192542,-0.016493361,0.014049901,-0.00061086525,-25.984652,-172.61649,78.42075,LYI
9874751695000,9.664925,9.50238795144914,1.16984670971017,-1.44390204855086,-0.033292156,-0.023518313,-0.004886922,-25.992805,-172.60777,78.40859,LYI
9874756725000,9.669955,9.55196875908296,1.17462230648922,-1.45996529065475,-0.036651913,-0.061391957,-0.0125227375,-25.998095,-172.59604,78.38896,LYI
9874761685000,9.674915,9.61426364153876,1.18385116368758,-1.49457352924033,-0.046120327,-0.0983493,-0.021685716,-25.997044,-172.58205,78.36083,LYI
9874766706000,9.679936,9.67732465057315,1.19319352094424,-1.52960739334078,-0.05467244,-0.119729586,-0.020463986,-25.996395,-172.56766,78.33301,LYI
9874771709000,9.684939,9.74015958946959,1.20250238638042,-1.56451566302701,-0.04184427,-0.11148291,-0.022296581,-25.999619,-172.551,78.30244,LYI
9874776715000,9.689945,9.78660552420816,1.2021120451109,-1.60071857083801,-0.053145275,-0.0888809,-0.02076942,-25.993618,-172.53479,78.27236,LYI
9874782887000,9.696117,9.8274151909036,1.19190957517045,-1.64662973883663,-0.052534413,-0.05497787,-0.0143553335,-25.994738,-172.52118,78.24826,LYI
